#Layer_Color=6321
#
#Feature symbol names
#
$0 r5
$1 r6.6666
$2 r4

#
#Feature attribute names
#

#
#Layer features
#
A 0.5395591 1.9685039 0.5395591 1.9685039 0.5275591 1.9685039 2 P 0 N
A 0.5475591 1.9685039 0.5475591 1.9685039 0.5275591 1.9685039 1 P 0 N
A 0.9395591 1.9685039 0.9395591 1.9685039 0.9275591 1.9685039 2 P 0 N
A 0.9475591 1.9685039 0.9475591 1.9685039 0.9275591 1.9685039 1 P 0 N
A 3.2719685 2.9826772 3.2719685 2.9826772 3.2519685 2.9826772 1 P 0 N
A 3.2719685 3.0826772 3.2719685 3.0826772 3.2519685 3.0826772 1 P 0 N
A 3.2719685 3.1826773 3.2719685 3.1826773 3.2519685 3.1826773 1 P 0 N
A 3.8049134 1.9685039 3.8049134 1.9685039 3.7929134 1.9685039 2 P 0 N
A 3.8129134 1.9685039 3.8129134 1.9685039 3.7929134 1.9685039 1 P 0 N
A 4.2049134 1.9685039 4.2049134 1.9685039 4.1929134 1.9685039 2 P 0 N
A 4.2129134 1.9685039 4.2129134 1.9685039 4.1929134 1.9685039 1 P 0 N
L 0.1768504 2.3622047 0.1968504 2.3422047 0 P 0
L 0.1768504 2.3622047 0.1968504 2.3822047 0 P 0
L 0.1968504 2.3422047 0.2168504 2.3622047 0 P 0
L 0.1968504 2.3822047 0.2168504 2.3622047 0 P 0
L 0.3737008 1.4540157 0.3737008 1.4940157 0 P 0
L 0.3737008 1.4540157 0.4137008 1.4540157 0 P 0
L 0.3737008 1.4940157 0.4137008 1.4940157 0 P 0
L 0.3737008 1.5548031 0.3737008 1.5948031 0 P 0
L 0.3737008 1.5548031 0.4137008 1.5548031 0 P 0
L 0.3737008 1.5948031 0.4137008 1.5948031 0 P 0
L 0.3737008 1.6555905 0.3737008 1.6955905 0 P 0
L 0.3737008 1.6555905 0.4137008 1.6555905 0 P 0
L 0.3737008 1.6955905 0.4137008 1.6955905 0 P 0
L 0.4137008 1.4540157 0.4137008 1.4940157 0 P 0
L 0.4137008 1.5548031 0.4137008 1.5948031 0 P 0
L 0.4137008 1.6555905 0.4137008 1.6955905 0 P 0
L 0.5705512 3.003622 0.5705512 3.013622 0 P 0
L 0.5705512 3.003622 0.5805512 3.003622 0 P 0
L 0.5705512 3.013622 0.5805512 3.023622 0 P 0
L 0.5705512 3.033622 0.5705512 3.043622 0 P 0
L 0.5705512 3.033622 0.5805512 3.023622 0 P 0
L 0.5705512 3.043622 0.5805512 3.043622 0 P 0
L 0.5805512 3.003622 0.5905512 3.013622 0 P 0
L 0.5805512 3.043622 0.5905512 3.033622 0 P 0
L 0.5905512 3.013622 0.6005512 3.003622 0 P 0
L 0.5905512 3.033622 0.6005512 3.043622 0 P 0
L 0.6005512 3.003622 0.6105512 3.003622 0 P 0
L 0.6005512 3.023622 0.6105512 3.013622 0 P 0
L 0.6005512 3.023622 0.6105512 3.033622 0 P 0
L 0.6005512 3.043622 0.6105512 3.043622 0 P 0
L 0.6105512 3.003622 0.6105512 3.013622 0 P 0
L 0.6105512 3.033622 0.6105512 3.043622 0 P 0
L 0.6138583 2.1414173 0.6138583 2.1514173 0 P 0
L 0.6138583 2.1414173 0.6238583 2.1414173 0 P 0
L 0.6138583 2.1514173 0.6238583 2.1614173 0 P 0
L 0.6138583 2.1714173 0.6138583 2.1814173 0 P 0
L 0.6138583 2.1714173 0.6238583 2.1614173 0 P 0
L 0.6138583 2.1814173 0.6238583 2.1814173 0 P 0
L 0.6238583 2.1414173 0.6338583 2.1514173 0 P 0
L 0.6238583 2.1814173 0.6338583 2.1714173 0 P 0
L 0.6338583 2.1514173 0.6438583 2.1414173 0 P 0
L 0.6338583 2.1714173 0.6438583 2.1814173 0 P 0
L 0.6438583 2.1414173 0.6538583 2.1414173 0 P 0
L 0.6438583 2.1614173 0.6538583 2.1514173 0 P 0
L 0.6438583 2.1614173 0.6538583 2.1714173 0 P 0
L 0.6438583 2.1814173 0.6538583 2.1814173 0 P 0
L 0.6538583 2.1414173 0.6538583 2.1514173 0 P 0
L 0.6538583 2.1714173 0.6538583 2.1814173 0 P 0
L 0.767408 1.5647997 0.777408 1.5647997 0 P 0
L 0.767408 1.5647997 0.777408 1.5747997 0 P 0
L 0.767408 1.5847997 0.777408 1.5747997 0 P 0
L 0.767408 1.5847997 0.777408 1.5847997 0 P 0
L 0.767408 1.6632253 0.777408 1.6632253 0 P 0
L 0.767408 1.6632253 0.777408 1.6732253 0 P 0
L 0.767408 1.6832253 0.777408 1.6732253 0 P 0
L 0.767408 1.6832253 0.777408 1.6832253 0 P 0
L 0.777408 1.5647997 0.787408 1.5547997 0 P 0
L 0.777408 1.5847997 0.787408 1.5947997 0 P 0
L 0.777408 1.6632253 0.787408 1.6532253 0 P 0
L 0.777408 1.6832253 0.787408 1.6932253 0 P 0
L 0.787408 1.5547997 0.797408 1.5647997 0 P 0
L 0.787408 1.5947997 0.797408 1.5847997 0 P 0
L 0.787408 1.6532253 0.797408 1.6632253 0 P 0
L 0.787408 1.6932253 0.797408 1.6832253 0 P 0
L 0.797408 1.5647997 0.807408 1.5647997 0 P 0
L 0.797408 1.5747997 0.807408 1.5647997 0 P 0
L 0.797408 1.5747997 0.807408 1.5847997 0 P 0
L 0.797408 1.5847997 0.807408 1.5847997 0 P 0
L 0.797408 1.6632253 0.807408 1.6632253 0 P 0
L 0.797408 1.6732253 0.807408 1.6632253 0 P 0
L 0.797408 1.6732253 0.807408 1.6832253 0 P 0
L 0.797408 1.6832253 0.807408 1.6832253 0 P 0
L 0.8107087 0.8307087 0.8307087 0.8107087 0 P 0
L 0.8107087 0.8307087 0.8307087 0.8507087 0 P 0
L 0.8107087 3.8937008 0.8307087 3.8737008 0 P 0
L 0.8107087 3.8937008 0.8307087 3.9137008 0 P 0
L 0.8307087 0.8107087 0.8507087 0.8307087 0 P 0
L 0.8307087 0.8507087 0.8507087 0.8307087 0 P 0
L 0.8307087 3.8737008 0.8507087 3.8937008 0 P 0
L 0.8307087 3.9137008 0.8507087 3.8937008 0 P 0
L 1.0705512 3.5508661 1.0705512 3.5608661 0 P 0
L 1.0705512 3.5508661 1.0805512 3.5508661 0 P 0
L 1.0705512 3.5608661 1.0805512 3.5708661 0 P 0
L 1.0705512 3.5808661 1.0705512 3.5908661 0 P 0
L 1.0705512 3.5808661 1.0805512 3.5708661 0 P 0
L 1.0705512 3.5908661 1.0805512 3.5908661 0 P 0
L 1.0805512 3.5508661 1.0905512 3.5608661 0 P 0
L 1.0805512 3.5908661 1.0905512 3.5808661 0 P 0
L 1.0905512 3.5608661 1.1005512 3.5508661 0 P 0
L 1.0905512 3.5808661 1.1005512 3.5908661 0 P 0
L 1.1005512 3.5508661 1.1105512 3.5508661 0 P 0
L 1.1005512 3.5708661 1.1105512 3.5608661 0 P 0
L 1.1005512 3.5708661 1.1105512 3.5808661 0 P 0
L 1.1005512 3.5908661 1.1105512 3.5908661 0 P 0
L 1.1105512 3.5508661 1.1105512 3.5608661 0 P 0
L 1.1105512 3.5808661 1.1105512 3.5908661 0 P 0
L 1.1256693 2.964252 1.1256693 2.974252 0 P 0
L 1.1256693 2.964252 1.1356693 2.964252 0 P 0
L 1.1256693 2.974252 1.1356693 2.984252 0 P 0
L 1.1256693 2.994252 1.1256693 3.004252 0 P 0
L 1.1256693 2.994252 1.1356693 2.984252 0 P 0
L 1.1256693 3.004252 1.1356693 3.004252 0 P 0
L 1.1356693 2.964252 1.1456693 2.974252 0 P 0
L 1.1356693 3.004252 1.1456693 2.994252 0 P 0
L 1.1453543 2.0351181 1.1453543 2.0451181 0 P 0
L 1.1453543 2.0351181 1.1553543 2.0351181 0 P 0
L 1.1453543 2.0451181 1.1553543 2.0551181 0 P 0
L 1.1453543 2.0651181 1.1453543 2.0751181 0 P 0
L 1.1453543 2.0651181 1.1553543 2.0551181 0 P 0
L 1.1453543 2.0751181 1.1553543 2.0751181 0 P 0
L 1.1456693 2.974252 1.1556693 2.964252 0 P 0
L 1.1456693 2.994252 1.1556693 3.004252 0 P 0
L 1.1553543 2.0351181 1.1653543 2.0451181 0 P 0
L 1.1553543 2.0751181 1.1653543 2.0651181 0 P 0
L 1.1556693 2.964252 1.1656693 2.964252 0 P 0
L 1.1556693 2.984252 1.1656693 2.974252 0 P 0
L 1.1556693 2.984252 1.1656693 2.994252 0 P 0
L 1.1556693 3.004252 1.1656693 3.004252 0 P 0
L 1.1653543 2.0451181 1.1753543 2.0351181 0 P 0
L 1.1653543 2.0651181 1.1753543 2.0751181 0 P 0
L 1.1656693 2.964252 1.1656693 2.974252 0 P 0
L 1.1656693 2.994252 1.1656693 3.004252 0 P 0
L 1.1753543 2.0351181 1.1853543 2.0351181 0 P 0
L 1.1753543 2.0551181 1.1853543 2.0451181 0 P 0
L 1.1753543 2.0551181 1.1853543 2.0651181 0 P 0
L 1.1753543 2.0751181 1.1853543 2.0751181 0 P 0
L 1.1853543 2.0351181 1.1853543 2.0451181 0 P 0
L 1.1853543 2.0651181 1.1853543 2.0751181 0 P 0
L 1.472126 2.4327559 1.472126 2.4427559 0 P 0
L 1.472126 2.4327559 1.482126 2.4327559 0 P 0
L 1.472126 2.4427559 1.482126 2.4527559 0 P 0
L 1.472126 2.4627559 1.472126 2.4727559 0 P 0
L 1.472126 2.4627559 1.482126 2.4527559 0 P 0
L 1.472126 2.4727559 1.482126 2.4727559 0 P 0
L 1.482126 2.4327559 1.492126 2.4427559 0 P 0
L 1.482126 2.4727559 1.492126 2.4627559 0 P 0
L 1.492126 2.4427559 1.502126 2.4327559 0 P 0
L 1.492126 2.4627559 1.502126 2.4727559 0 P 0
L 1.502126 2.4327559 1.512126 2.4327559 0 P 0
L 1.502126 2.4527559 1.512126 2.4427559 0 P 0
L 1.502126 2.4527559 1.512126 2.4627559 0 P 0
L 1.502126 2.4727559 1.512126 2.4727559 0 P 0
L 1.512126 2.4327559 1.512126 2.4427559 0 P 0
L 1.512126 2.4627559 1.512126 2.4727559 0 P 0
L 1.5351181 2.795748 1.5451181 2.815748 0 P 0
L 1.5351181 2.795748 1.5551181 2.805748 0 P 0
L 1.5351181 2.835748 1.5451181 2.815748 0 P 0
L 1.5351181 2.835748 1.5551181 2.825748 0 P 0
L 1.5351181 2.895748 1.5451181 2.915748 0 P 0
L 1.5351181 2.895748 1.5551181 2.905748 0 P 0
L 1.5351181 2.935748 1.5451181 2.915748 0 P 0
L 1.5351181 2.935748 1.5551181 2.925748 0 P 0
L 1.5351181 2.995748 1.5451181 3.015748 0 P 0
L 1.5351181 2.995748 1.5551181 3.005748 0 P 0
L 1.5351181 3.035748 1.5451181 3.015748 0 P 0
L 1.5351181 3.035748 1.5551181 3.025748 0 P 0
L 1.5351181 3.095748 1.5451181 3.115748 0 P 0
L 1.5351181 3.095748 1.5551181 3.105748 0 P 0
L 1.5351181 3.135748 1.5451181 3.115748 0 P 0
L 1.5351181 3.135748 1.5551181 3.125748 0 P 0
L 1.5551181 2.805748 1.5751181 2.795748 0 P 0
L 1.5551181 2.825748 1.5751181 2.835748 0 P 0
L 1.5551181 2.905748 1.5751181 2.895748 0 P 0
L 1.5551181 2.925748 1.5751181 2.935748 0 P 0
L 1.5551181 3.005748 1.5751181 2.995748 0 P 0
L 1.5551181 3.025748 1.5751181 3.035748 0 P 0
L 1.5551181 3.105748 1.5751181 3.095748 0 P 0
L 1.5551181 3.125748 1.5751181 3.135748 0 P 0
L 1.5651181 2.815748 1.5751181 2.795748 0 P 0
L 1.5651181 2.815748 1.5751181 2.835748 0 P 0
L 1.5651181 2.915748 1.5751181 2.895748 0 P 0
L 1.5651181 2.915748 1.5751181 2.935748 0 P 0
L 1.5651181 3.015748 1.5751181 2.995748 0 P 0
L 1.5651181 3.015748 1.5751181 3.035748 0 P 0
L 1.5651181 3.115748 1.5751181 3.095748 0 P 0
L 1.5651181 3.115748 1.5751181 3.135748 0 P 0
L 1.6351181 2.795748 1.6451181 2.815748 0 P 0
L 1.6351181 2.795748 1.6551181 2.805748 0 P 0
L 1.6351181 2.835748 1.6451181 2.815748 0 P 0
L 1.6351181 2.835748 1.6551181 2.825748 0 P 0
L 1.6351181 2.895748 1.6451181 2.915748 0 P 0
L 1.6351181 2.895748 1.6551181 2.905748 0 P 0
L 1.6351181 2.935748 1.6451181 2.915748 0 P 0
L 1.6351181 2.935748 1.6551181 2.925748 0 P 0
L 1.6351181 2.995748 1.6451181 3.015748 0 P 0
L 1.6351181 2.995748 1.6551181 3.005748 0 P 0
L 1.6351181 3.035748 1.6451181 3.015748 0 P 0
L 1.6351181 3.035748 1.6551181 3.025748 0 P 0
L 1.6351181 3.095748 1.6451181 3.115748 0 P 0
L 1.6351181 3.095748 1.6551181 3.105748 0 P 0
L 1.6351181 3.135748 1.6451181 3.115748 0 P 0
L 1.6351181 3.135748 1.6551181 3.125748 0 P 0
L 1.6551181 2.805748 1.6751181 2.795748 0 P 0
L 1.6551181 2.825748 1.6751181 2.835748 0 P 0
L 1.6551181 2.905748 1.6751181 2.895748 0 P 0
L 1.6551181 2.925748 1.6751181 2.935748 0 P 0
L 1.6551181 3.005748 1.6751181 2.995748 0 P 0
L 1.6551181 3.025748 1.6751181 3.035748 0 P 0
L 1.6551181 3.105748 1.6751181 3.095748 0 P 0
L 1.6551181 3.125748 1.6751181 3.135748 0 P 0
L 1.6651181 2.815748 1.6751181 2.795748 0 P 0
L 1.6651181 2.815748 1.6751181 2.835748 0 P 0
L 1.6651181 2.915748 1.6751181 2.895748 0 P 0
L 1.6651181 2.915748 1.6751181 2.935748 0 P 0
L 1.6651181 3.015748 1.6751181 2.995748 0 P 0
L 1.6651181 3.015748 1.6751181 3.035748 0 P 0
L 1.6651181 3.115748 1.6751181 3.095748 0 P 0
L 1.6651181 3.115748 1.6751181 3.135748 0 P 0
L 1.6729134 0.3937008 1.6929134 0.3737008 0 P 0
L 1.6729134 0.3937008 1.6929134 0.4137008 0 P 0
L 1.6729134 3.9370079 1.6929134 3.9170079 0 P 0
L 1.6729134 3.9370079 1.6929134 3.9570079 0 P 0
L 1.6860636 1.2774634 1.6860636 1.2874634 0 P 0
L 1.6860636 1.2774634 1.6960636 1.2774634 0 P 0
L 1.6860636 1.2874634 1.6960636 1.2974634 0 P 0
L 1.6860636 1.3074634 1.6860636 1.3174634 0 P 0
L 1.6860636 1.3074634 1.6960636 1.2974634 0 P 0
L 1.6860636 1.3174634 1.6960636 1.3174634 0 P 0
L 1.6929134 0.3737008 1.7129134 0.3937008 0 P 0
L 1.6929134 0.4137008 1.7129134 0.3937008 0 P 0
L 1.6929134 3.9170079 1.7129134 3.9370079 0 P 0
L 1.6929134 3.9570079 1.7129134 3.9370079 0 P 0
L 1.6960636 1.2774634 1.7060636 1.2874634 0 P 0
L 1.6960636 1.3174634 1.7060636 1.3074634 0 P 0
L 1.7060636 1.2874634 1.7160636 1.2774634 0 P 0
L 1.7060636 1.3074634 1.7160636 1.3174634 0 P 0
L 1.7160636 1.2774634 1.7260636 1.2774634 0 P 0
L 1.7160636 1.2974634 1.7260636 1.2874634 0 P 0
L 1.7160636 1.2974634 1.7260636 1.3074634 0 P 0
L 1.7160636 1.3174634 1.7260636 1.3174634 0 P 0
L 1.7260636 1.2774634 1.7260636 1.2874634 0 P 0
L 1.7260636 1.3074634 1.7260636 1.3174634 0 P 0
L 1.9922047 1.1829134 1.9922047 1.2029134 0 P 0
L 1.9922047 1.1829134 2.0022047 1.1829134 0 P 0
L 1.9922047 1.2029134 2.0022047 1.2029134 0 P 0
L 2.0022047 1.1729134 2.0022047 1.1829134 0 P 0
L 2.0022047 1.1729134 2.0222047 1.1729134 0 P 0
L 2.0022047 1.2029134 2.0022047 1.2129134 0 P 0
L 2.0022047 1.2129134 2.0222047 1.2129134 0 P 0
L 2.0154331 3.968189 2.0154331 3.978189 0 P 0
L 2.0154331 3.968189 2.0254331 3.968189 0 P 0
L 2.0154331 3.978189 2.0254331 3.988189 0 P 0
L 2.0154331 3.998189 2.0154331 4.008189 0 P 0
L 2.0154331 3.998189 2.0254331 3.988189 0 P 0
L 2.0154331 4.008189 2.0254331 4.008189 0 P 0
L 2.0222047 1.1729134 2.0222047 1.1829134 0 P 0
L 2.0222047 1.1829134 2.0322047 1.1829134 0 P 0
L 2.0222047 1.2029134 2.0222047 1.2129134 0 P 0
L 2.0222047 1.2029134 2.0322047 1.2029134 0 P 0
L 2.0254331 3.968189 2.0354331 3.978189 0 P 0
L 2.0254331 4.008189 2.0354331 3.998189 0 P 0
L 2.0322047 1.1829134 2.0322047 1.2029134 0 P 0
L 2.0354331 3.978189 2.0454331 3.968189 0 P 0
L 2.0354331 3.998189 2.0454331 4.008189 0 P 0
L 2.0422047 1.6233071 2.0522047 1.6433071 0 P 0
L 2.0422047 1.6233071 2.0622047 1.6333071 0 P 0
L 2.0422047 1.6633071 2.0522047 1.6433071 0 P 0
L 2.0422047 1.6633071 2.0622047 1.6533071 0 P 0
L 2.0422047 1.7233071 2.0522047 1.7433071 0 P 0
L 2.0422047 1.7233071 2.0622047 1.7333071 0 P 0
L 2.0422047 1.7633071 2.0522047 1.7433071 0 P 0
L 2.0422047 1.7633071 2.0622047 1.7533071 0 P 0
L 2.0422047 1.8233071 2.0522047 1.8433071 0 P 0
L 2.0422047 1.8233071 2.0622047 1.8333071 0 P 0
L 2.0422047 1.8633071 2.0522047 1.8433071 0 P 0
L 2.0422047 1.8633071 2.0622047 1.8533071 0 P 0
L 2.0422047 1.9233071 2.0522047 1.9433071 0 P 0
L 2.0422047 1.9233071 2.0622047 1.9333071 0 P 0
L 2.0422047 1.9633071 2.0522047 1.9433071 0 P 0
L 2.0422047 1.9633071 2.0622047 1.9533071 0 P 0
L 2.0422047 2.0233071 2.0522047 2.0433071 0 P 0
L 2.0422047 2.0233071 2.0622047 2.0333071 0 P 0
L 2.0422047 2.0633071 2.0522047 2.0433071 0 P 0
L 2.0422047 2.0633071 2.0622047 2.0533071 0 P 0
L 2.0422047 2.1233071 2.0522047 2.1433071 0 P 0
L 2.0422047 2.1233071 2.0622047 2.1333071 0 P 0
L 2.0422047 2.1633071 2.0522047 2.1433071 0 P 0
L 2.0422047 2.1633071 2.0622047 2.1533071 0 P 0
L 2.0422047 2.2233071 2.0522047 2.2433071 0 P 0
L 2.0422047 2.2233071 2.0622047 2.2333071 0 P 0
L 2.0422047 2.2633071 2.0522047 2.2433071 0 P 0
L 2.0422047 2.2633071 2.0622047 2.2533071 0 P 0
L 2.0422047 2.3233071 2.0522047 2.3433071 0 P 0
L 2.0422047 2.3233071 2.0622047 2.3333071 0 P 0
L 2.0422047 2.3633071 2.0522047 2.3433071 0 P 0
L 2.0422047 2.3633071 2.0622047 2.3533071 0 P 0
L 2.0422047 2.4233071 2.0522047 2.4433071 0 P 0
L 2.0422047 2.4233071 2.0622047 2.4333071 0 P 0
L 2.0422047 2.4633071 2.0522047 2.4433071 0 P 0
L 2.0422047 2.4633071 2.0622047 2.4533071 0 P 0
L 2.0422047 2.5233071 2.0522047 2.5433071 0 P 0
L 2.0422047 2.5233071 2.0622047 2.5333071 0 P 0
L 2.0422047 2.5633071 2.0522047 2.5433071 0 P 0
L 2.0422047 2.5633071 2.0622047 2.5533071 0 P 0
L 2.0422047 2.6233071 2.0522047 2.6433071 0 P 0
L 2.0422047 2.6233071 2.0622047 2.6333071 0 P 0
L 2.0422047 2.6633071 2.0522047 2.6433071 0 P 0
L 2.0422047 2.6633071 2.0622047 2.6533071 0 P 0
L 2.0422047 2.7233071 2.0522047 2.7433071 0 P 0
L 2.0422047 2.7233071 2.0622047 2.7333071 0 P 0
L 2.0422047 2.7633071 2.0522047 2.7433071 0 P 0
L 2.0422047 2.7633071 2.0622047 2.7533071 0 P 0
L 2.0422047 2.8233071 2.0522047 2.8433071 0 P 0
L 2.0422047 2.8233071 2.0622047 2.8333071 0 P 0
L 2.0422047 2.8633071 2.0522047 2.8433071 0 P 0
L 2.0422047 2.8633071 2.0622047 2.8533071 0 P 0
L 2.0422047 2.9233071 2.0522047 2.9433071 0 P 0
L 2.0422047 2.9233071 2.0622047 2.9333071 0 P 0
L 2.0422047 2.9633071 2.0522047 2.9433071 0 P 0
L 2.0422047 2.9633071 2.0622047 2.9533071 0 P 0
L 2.0422047 3.0233071 2.0522047 3.0433071 0 P 0
L 2.0422047 3.0233071 2.0622047 3.0333071 0 P 0
L 2.0422047 3.0633071 2.0522047 3.0433071 0 P 0
L 2.0422047 3.0633071 2.0622047 3.0533071 0 P 0
L 2.0422047 3.1233071 2.0522047 3.1433071 0 P 0
L 2.0422047 3.1233071 2.0622047 3.1333071 0 P 0
L 2.0422047 3.1633071 2.0522047 3.1433071 0 P 0
L 2.0422047 3.1633071 2.0622047 3.1533071 0 P 0
L 2.0422047 3.2233071 2.0522047 3.2433071 0 P 0
L 2.0422047 3.2233071 2.0622047 3.2333071 0 P 0
L 2.0422047 3.2633071 2.0522047 3.2433071 0 P 0
L 2.0422047 3.2633071 2.0622047 3.2533071 0 P 0
L 2.0422047 3.3233071 2.0522047 3.3433071 0 P 0
L 2.0422047 3.3233071 2.0622047 3.3333071 0 P 0
L 2.0422047 3.3633071 2.0522047 3.3433071 0 P 0
L 2.0422047 3.3633071 2.0622047 3.3533071 0 P 0
L 2.0422047 3.4233071 2.0522047 3.4433071 0 P 0
L 2.0422047 3.4233071 2.0622047 3.4333071 0 P 0
L 2.0422047 3.4633071 2.0522047 3.4433071 0 P 0
L 2.0422047 3.4633071 2.0622047 3.4533071 0 P 0
L 2.0422047 3.5233071 2.0522047 3.5433071 0 P 0
L 2.0422047 3.5233071 2.0622047 3.5333071 0 P 0
L 2.0422047 3.5633071 2.0522047 3.5433071 0 P 0
L 2.0422047 3.5633071 2.0622047 3.5533071 0 P 0
L 2.0454331 3.968189 2.0554331 3.968189 0 P 0
L 2.0454331 3.988189 2.0554331 3.978189 0 P 0
L 2.0454331 3.988189 2.0554331 3.998189 0 P 0
L 2.0454331 4.008189 2.0554331 4.008189 0 P 0
L 2.0554331 3.968189 2.0554331 3.978189 0 P 0
L 2.0554331 3.998189 2.0554331 4.008189 0 P 0
L 2.0622047 1.6333071 2.0822047 1.6233071 0 P 0
L 2.0622047 1.6533071 2.0822047 1.6633071 0 P 0
L 2.0622047 1.7333071 2.0822047 1.7233071 0 P 0
L 2.0622047 1.7533071 2.0822047 1.7633071 0 P 0
L 2.0622047 1.8333071 2.0822047 1.8233071 0 P 0
L 2.0622047 1.8533071 2.0822047 1.8633071 0 P 0
L 2.0622047 1.9333071 2.0822047 1.9233071 0 P 0
L 2.0622047 1.9533071 2.0822047 1.9633071 0 P 0
L 2.0622047 2.0333071 2.0822047 2.0233071 0 P 0
L 2.0622047 2.0533071 2.0822047 2.0633071 0 P 0
L 2.0622047 2.1333071 2.0822047 2.1233071 0 P 0
L 2.0622047 2.1533071 2.0822047 2.1633071 0 P 0
L 2.0622047 2.2333071 2.0822047 2.2233071 0 P 0
L 2.0622047 2.2533071 2.0822047 2.2633071 0 P 0
L 2.0622047 2.3333071 2.0822047 2.3233071 0 P 0
L 2.0622047 2.3533071 2.0822047 2.3633071 0 P 0
L 2.0622047 2.4333071 2.0822047 2.4233071 0 P 0
L 2.0622047 2.4533071 2.0822047 2.4633071 0 P 0
L 2.0622047 2.5333071 2.0822047 2.5233071 0 P 0
L 2.0622047 2.5533071 2.0822047 2.5633071 0 P 0
L 2.0622047 2.6333071 2.0822047 2.6233071 0 P 0
L 2.0622047 2.6533071 2.0822047 2.6633071 0 P 0
L 2.0622047 2.7333071 2.0822047 2.7233071 0 P 0
L 2.0622047 2.7533071 2.0822047 2.7633071 0 P 0
L 2.0622047 2.8333071 2.0822047 2.8233071 0 P 0
L 2.0622047 2.8533071 2.0822047 2.8633071 0 P 0
L 2.0622047 2.9333071 2.0822047 2.9233071 0 P 0
L 2.0622047 2.9533071 2.0822047 2.9633071 0 P 0
L 2.0622047 3.0333071 2.0822047 3.0233071 0 P 0
L 2.0622047 3.0533071 2.0822047 3.0633071 0 P 0
L 2.0622047 3.1333071 2.0822047 3.1233071 0 P 0
L 2.0622047 3.1533071 2.0822047 3.1633071 0 P 0
L 2.0622047 3.2333071 2.0822047 3.2233071 0 P 0
L 2.0622047 3.2533071 2.0822047 3.2633071 0 P 0
L 2.0622047 3.3333071 2.0822047 3.3233071 0 P 0
L 2.0622047 3.3533071 2.0822047 3.3633071 0 P 0
L 2.0622047 3.4333071 2.0822047 3.4233071 0 P 0
L 2.0622047 3.4533071 2.0822047 3.4633071 0 P 0
L 2.0622047 3.5333071 2.0822047 3.5233071 0 P 0
L 2.0622047 3.5533071 2.0822047 3.5633071 0 P 0
L 2.0722047 1.6433071 2.0822047 1.6233071 0 P 0
L 2.0722047 1.6433071 2.0822047 1.6633071 0 P 0
L 2.0722047 1.7433071 2.0822047 1.7233071 0 P 0
L 2.0722047 1.7433071 2.0822047 1.7633071 0 P 0
L 2.0722047 1.8433071 2.0822047 1.8233071 0 P 0
L 2.0722047 1.8433071 2.0822047 1.8633071 0 P 0
L 2.0722047 1.9433071 2.0822047 1.9233071 0 P 0
L 2.0722047 1.9433071 2.0822047 1.9633071 0 P 0
L 2.0722047 2.0433071 2.0822047 2.0233071 0 P 0
L 2.0722047 2.0433071 2.0822047 2.0633071 0 P 0
L 2.0722047 2.1433071 2.0822047 2.1233071 0 P 0
L 2.0722047 2.1433071 2.0822047 2.1633071 0 P 0
L 2.0722047 2.2433071 2.0822047 2.2233071 0 P 0
L 2.0722047 2.2433071 2.0822047 2.2633071 0 P 0
L 2.0722047 2.3433071 2.0822047 2.3233071 0 P 0
L 2.0722047 2.3433071 2.0822047 2.3633071 0 P 0
L 2.0722047 2.4433071 2.0822047 2.4233071 0 P 0
L 2.0722047 2.4433071 2.0822047 2.4633071 0 P 0
L 2.0722047 2.5433071 2.0822047 2.5233071 0 P 0
L 2.0722047 2.5433071 2.0822047 2.5633071 0 P 0
L 2.0722047 2.6433071 2.0822047 2.6233071 0 P 0
L 2.0722047 2.6433071 2.0822047 2.6633071 0 P 0
L 2.0722047 2.7433071 2.0822047 2.7233071 0 P 0
L 2.0722047 2.7433071 2.0822047 2.7633071 0 P 0
L 2.0722047 2.8433071 2.0822047 2.8233071 0 P 0
L 2.0722047 2.8433071 2.0822047 2.8633071 0 P 0
L 2.0722047 2.9433071 2.0822047 2.9233071 0 P 0
L 2.0722047 2.9433071 2.0822047 2.9633071 0 P 0
L 2.0722047 3.0433071 2.0822047 3.0233071 0 P 0
L 2.0722047 3.0433071 2.0822047 3.0633071 0 P 0
L 2.0722047 3.1433071 2.0822047 3.1233071 0 P 0
L 2.0722047 3.1433071 2.0822047 3.1633071 0 P 0
L 2.0722047 3.2433071 2.0822047 3.2233071 0 P 0
L 2.0722047 3.2433071 2.0822047 3.2633071 0 P 0
L 2.0722047 3.3433071 2.0822047 3.3233071 0 P 0
L 2.0722047 3.3433071 2.0822047 3.3633071 0 P 0
L 2.0722047 3.4433071 2.0822047 3.4233071 0 P 0
L 2.0722047 3.4433071 2.0822047 3.4633071 0 P 0
L 2.0722047 3.5433071 2.0822047 3.5233071 0 P 0
L 2.0722047 3.5433071 2.0822047 3.5633071 0 P 0
L 2.0922047 1.1829134 2.0922047 1.2029134 0 P 0
L 2.0922047 1.1829134 2.1022047 1.1829134 0 P 0
L 2.0922047 1.2029134 2.1022047 1.2029134 0 P 0
L 2.1022047 1.1729134 2.1022047 1.1829134 0 P 0
L 2.1022047 1.1729134 2.1222047 1.1729134 0 P 0
L 2.1022047 1.2029134 2.1022047 1.2129134 0 P 0
L 2.1022047 1.2129134 2.1222047 1.2129134 0 P 0
L 2.1222047 1.1729134 2.1222047 1.1829134 0 P 0
L 2.1222047 1.1829134 2.1322047 1.1829134 0 P 0
L 2.1222047 1.2029134 2.1222047 1.2129134 0 P 0
L 2.1222047 1.2029134 2.1322047 1.2029134 0 P 0
L 2.1322047 1.1829134 2.1322047 1.2029134 0 P 0
L 2.1650394 2.0390551 2.1650394 2.0490551 0 P 0
L 2.1650394 2.0390551 2.1750394 2.0390551 0 P 0
L 2.1650394 2.0490551 2.1750394 2.0590551 0 P 0
L 2.1650394 2.0690551 2.1650394 2.0790551 0 P 0
L 2.1650394 2.0690551 2.1750394 2.0590551 0 P 0
L 2.1650394 2.0790551 2.1750394 2.0790551 0 P 0
L 2.1750394 2.0390551 2.1850394 2.0490551 0 P 0
L 2.1750394 2.0790551 2.1850394 2.0690551 0 P 0
L 2.1850394 2.0490551 2.1950394 2.0390551 0 P 0
L 2.1850394 2.0690551 2.1950394 2.0790551 0 P 0
L 2.1922047 1.1829134 2.1922047 1.2029134 0 P 0
L 2.1922047 1.1829134 2.2022047 1.1829134 0 P 0
L 2.1922047 1.2029134 2.2022047 1.2029134 0 P 0
L 2.1950394 2.0390551 2.2050394 2.0390551 0 P 0
L 2.1950394 2.0590551 2.2050394 2.0490551 0 P 0
L 2.1950394 2.0590551 2.2050394 2.0690551 0 P 0
L 2.1950394 2.0790551 2.2050394 2.0790551 0 P 0
L 2.2022047 1.1729134 2.2022047 1.1829134 0 P 0
L 2.2022047 1.1729134 2.2222047 1.1729134 0 P 0
L 2.2022047 1.2029134 2.2022047 1.2129134 0 P 0
L 2.2022047 1.2129134 2.2222047 1.2129134 0 P 0
L 2.2050394 2.0390551 2.2050394 2.0490551 0 P 0
L 2.2050394 2.0690551 2.2050394 2.0790551 0 P 0
L 2.2222047 1.1729134 2.2222047 1.1829134 0 P 0
L 2.2222047 1.1829134 2.2322047 1.1829134 0 P 0
L 2.2222047 1.2029134 2.2222047 1.2129134 0 P 0
L 2.2222047 1.2029134 2.2322047 1.2029134 0 P 0
L 2.2322047 1.1829134 2.2322047 1.2029134 0 P 0
L 2.260967 2.8040648 2.260967 2.8140648 0 P 0
L 2.260967 2.8040648 2.270967 2.8040648 0 P 0
L 2.260967 2.8140648 2.270967 2.8240648 0 P 0
L 2.260967 2.8340648 2.260967 2.8440648 0 P 0
L 2.260967 2.8340648 2.270967 2.8240648 0 P 0
L 2.260967 2.8440648 2.270967 2.8440648 0 P 0
L 2.270967 2.8040648 2.280967 2.8140648 0 P 0
L 2.270967 2.8440648 2.280967 2.8340648 0 P 0
L 2.280967 2.8140648 2.290967 2.8040648 0 P 0
L 2.280967 2.8340648 2.290967 2.8440648 0 P 0
L 2.290967 2.8040648 2.300967 2.8040648 0 P 0
L 2.290967 2.8240648 2.300967 2.8140648 0 P 0
L 2.290967 2.8240648 2.300967 2.8340648 0 P 0
L 2.290967 2.8440648 2.300967 2.8440648 0 P 0
L 2.2922047 1.1829134 2.2922047 1.2029134 0 P 0
L 2.2922047 1.1829134 2.3022047 1.1829134 0 P 0
L 2.2922047 1.2029134 2.3022047 1.2029134 0 P 0
L 2.300967 2.8040648 2.300967 2.8140648 0 P 0
L 2.300967 2.8340648 2.300967 2.8440648 0 P 0
L 2.3022047 1.1729134 2.3022047 1.1829134 0 P 0
L 2.3022047 1.1729134 2.3222047 1.1729134 0 P 0
L 2.3022047 1.2029134 2.3022047 1.2129134 0 P 0
L 2.3022047 1.2129134 2.3222047 1.2129134 0 P 0
L 2.3222047 1.1729134 2.3222047 1.1829134 0 P 0
L 2.3222047 1.1829134 2.3322047 1.1829134 0 P 0
L 2.3222047 1.2029134 2.3222047 1.2129134 0 P 0
L 2.3222047 1.2029134 2.3322047 1.2029134 0 P 0
L 2.3322047 1.1829134 2.3322047 1.2029134 0 P 0
L 2.3422047 0.1968504 2.3622047 0.1768504 0 P 0
L 2.3422047 0.1968504 2.3622047 0.2168504 0 P 0
L 2.3422047 4.5275591 2.3622047 4.5075591 0 P 0
L 2.3422047 4.5275591 2.3622047 4.5475591 0 P 0
L 2.3622047 0.1768504 2.3822047 0.1968504 0 P 0
L 2.3622047 0.2168504 2.3822047 0.1968504 0 P 0
L 2.3622047 4.5075591 2.3822047 4.5275591 0 P 0
L 2.3622047 4.5475591 2.3822047 4.5275591 0 P 0
L 2.3922047 1.1829134 2.3922047 1.2029134 0 P 0
L 2.3922047 1.1829134 2.4022047 1.1829134 0 P 0
L 2.3922047 1.2029134 2.4022047 1.2029134 0 P 0
L 2.4022047 1.1729134 2.4022047 1.1829134 0 P 0
L 2.4022047 1.1729134 2.4222047 1.1729134 0 P 0
L 2.4022047 1.2029134 2.4022047 1.2129134 0 P 0
L 2.4022047 1.2129134 2.4222047 1.2129134 0 P 0
L 2.4130709 1.8225197 2.4130709 1.8325197 0 P 0
L 2.4130709 1.8225197 2.4230709 1.8225197 0 P 0
L 2.4130709 1.8325197 2.4230709 1.8425197 0 P 0
L 2.4130709 1.8525197 2.4130709 1.8625197 0 P 0
L 2.4130709 1.8525197 2.4230709 1.8425197 0 P 0
L 2.4130709 1.8625197 2.4230709 1.8625197 0 P 0
L 2.4222047 1.1729134 2.4222047 1.1829134 0 P 0
L 2.4222047 1.1829134 2.4322047 1.1829134 0 P 0
L 2.4222047 1.2029134 2.4222047 1.2129134 0 P 0
L 2.4222047 1.2029134 2.4322047 1.2029134 0 P 0
L 2.4230709 1.8225197 2.4330709 1.8325197 0 P 0
L 2.4230709 1.8625197 2.4330709 1.8525197 0 P 0
L 2.4322047 1.1829134 2.4322047 1.2029134 0 P 0
L 2.4330709 1.8325197 2.4430709 1.8225197 0 P 0
L 2.4330709 1.8525197 2.4430709 1.8625197 0 P 0
L 2.4430709 1.8225197 2.4530709 1.8225197 0 P 0
L 2.4430709 1.8425197 2.4530709 1.8325197 0 P 0
L 2.4430709 1.8425197 2.4530709 1.8525197 0 P 0
L 2.4430709 1.8625197 2.4530709 1.8625197 0 P 0
L 2.4524409 0.6925984 2.4524409 0.7025984 0 P 0
L 2.4524409 0.6925984 2.4624409 0.6925984 0 P 0
L 2.4524409 0.7025984 2.4624409 0.7125984 0 P 0
L 2.4524409 0.7225984 2.4524409 0.7325984 0 P 0
L 2.4524409 0.7225984 2.4624409 0.7125984 0 P 0
L 2.4524409 0.7325984 2.4624409 0.7325984 0 P 0
L 2.4530709 1.8225197 2.4530709 1.8325197 0 P 0
L 2.4530709 1.8525197 2.4530709 1.8625197 0 P 0
L 2.4624409 0.6925984 2.4724409 0.7025984 0 P 0
L 2.4624409 0.7325984 2.4724409 0.7225984 0 P 0
L 2.468189 3.999685 2.468189 4.009685 0 P 0
L 2.468189 3.999685 2.478189 3.999685 0 P 0
L 2.468189 4.009685 2.478189 4.019685 0 P 0
L 2.468189 4.029685 2.468189 4.039685 0 P 0
L 2.468189 4.029685 2.478189 4.019685 0 P 0
L 2.468189 4.039685 2.478189 4.039685 0 P 0
L 2.4724409 0.7025984 2.4824409 0.6925984 0 P 0
L 2.4724409 0.7225984 2.4824409 0.7325984 0 P 0
L 2.478189 3.999685 2.488189 4.009685 0 P 0
L 2.478189 4.039685 2.488189 4.029685 0 P 0
L 2.4824409 0.6925984 2.4924409 0.6925984 0 P 0
L 2.4824409 0.7125984 2.4924409 0.7025984 0 P 0
L 2.4824409 0.7125984 2.4924409 0.7225984 0 P 0
L 2.4824409 0.7325984 2.4924409 0.7325984 0 P 0
L 2.488189 4.009685 2.498189 3.999685 0 P 0
L 2.488189 4.029685 2.498189 4.039685 0 P 0
L 2.4922047 1.1829134 2.4922047 1.2029134 0 P 0
L 2.4922047 1.1829134 2.5022047 1.1829134 0 P 0
L 2.4922047 1.2029134 2.5022047 1.2029134 0 P 0
L 2.4924409 0.6925984 2.4924409 0.7025984 0 P 0
L 2.4924409 0.7225984 2.4924409 0.7325984 0 P 0
L 2.498189 3.999685 2.508189 3.999685 0 P 0
L 2.498189 4.019685 2.508189 4.009685 0 P 0
L 2.498189 4.019685 2.508189 4.029685 0 P 0
L 2.498189 4.039685 2.508189 4.039685 0 P 0
L 2.5022047 1.1729134 2.5022047 1.1829134 0 P 0
L 2.5022047 1.1729134 2.5222047 1.1729134 0 P 0
L 2.5022047 1.2029134 2.5022047 1.2129134 0 P 0
L 2.5022047 1.2129134 2.5222047 1.2129134 0 P 0
L 2.508189 3.999685 2.508189 4.009685 0 P 0
L 2.508189 4.029685 2.508189 4.039685 0 P 0
L 2.5222047 1.1729134 2.5222047 1.1829134 0 P 0
L 2.5222047 1.1829134 2.5322047 1.1829134 0 P 0
L 2.5222047 1.2029134 2.5222047 1.2129134 0 P 0
L 2.5222047 1.2029134 2.5322047 1.2029134 0 P 0
L 2.5322047 1.1829134 2.5322047 1.2029134 0 P 0
L 2.5922047 1.1829134 2.5922047 1.2029134 0 P 0
L 2.5922047 1.1829134 2.6022047 1.1829134 0 P 0
L 2.5922047 1.2029134 2.6022047 1.2029134 0 P 0
L 2.6022047 1.1729134 2.6022047 1.1829134 0 P 0
L 2.6022047 1.1729134 2.6222047 1.1729134 0 P 0
L 2.6022047 1.2029134 2.6022047 1.2129134 0 P 0
L 2.6022047 1.2129134 2.6222047 1.2129134 0 P 0
L 2.6222047 1.1729134 2.6222047 1.1829134 0 P 0
L 2.6222047 1.1829134 2.6322047 1.1829134 0 P 0
L 2.6222047 1.2029134 2.6222047 1.2129134 0 P 0
L 2.6222047 1.2029134 2.6322047 1.2029134 0 P 0
L 2.6322047 1.1829134 2.6322047 1.2029134 0 P 0
L 2.6422047 1.6233071 2.6522047 1.6433071 0 P 0
L 2.6422047 1.6233071 2.6622047 1.6333071 0 P 0
L 2.6422047 1.6633071 2.6522047 1.6433071 0 P 0
L 2.6422047 1.6633071 2.6622047 1.6533071 0 P 0
L 2.6422047 1.7233071 2.6522047 1.7433071 0 P 0
L 2.6422047 1.7233071 2.6622047 1.7333071 0 P 0
L 2.6422047 1.7633071 2.6522047 1.7433071 0 P 0
L 2.6422047 1.7633071 2.6622047 1.7533071 0 P 0
L 2.6422047 1.8233071 2.6522047 1.8433071 0 P 0
L 2.6422047 1.8233071 2.6622047 1.8333071 0 P 0
L 2.6422047 1.8633071 2.6522047 1.8433071 0 P 0
L 2.6422047 1.8633071 2.6622047 1.8533071 0 P 0
L 2.6422047 1.9233071 2.6522047 1.9433071 0 P 0
L 2.6422047 1.9233071 2.6622047 1.9333071 0 P 0
L 2.6422047 1.9633071 2.6522047 1.9433071 0 P 0
L 2.6422047 1.9633071 2.6622047 1.9533071 0 P 0
L 2.6422047 2.0233071 2.6522047 2.0433071 0 P 0
L 2.6422047 2.0233071 2.6622047 2.0333071 0 P 0
L 2.6422047 2.0633071 2.6522047 2.0433071 0 P 0
L 2.6422047 2.0633071 2.6622047 2.0533071 0 P 0
L 2.6422047 2.1233071 2.6522047 2.1433071 0 P 0
L 2.6422047 2.1233071 2.6622047 2.1333071 0 P 0
L 2.6422047 2.1633071 2.6522047 2.1433071 0 P 0
L 2.6422047 2.1633071 2.6622047 2.1533071 0 P 0
L 2.6422047 2.2233071 2.6522047 2.2433071 0 P 0
L 2.6422047 2.2233071 2.6622047 2.2333071 0 P 0
L 2.6422047 2.2633071 2.6522047 2.2433071 0 P 0
L 2.6422047 2.2633071 2.6622047 2.2533071 0 P 0
L 2.6422047 2.3233071 2.6522047 2.3433071 0 P 0
L 2.6422047 2.3233071 2.6622047 2.3333071 0 P 0
L 2.6422047 2.3633071 2.6522047 2.3433071 0 P 0
L 2.6422047 2.3633071 2.6622047 2.3533071 0 P 0
L 2.6422047 2.4233071 2.6522047 2.4433071 0 P 0
L 2.6422047 2.4233071 2.6622047 2.4333071 0 P 0
L 2.6422047 2.4633071 2.6522047 2.4433071 0 P 0
L 2.6422047 2.4633071 2.6622047 2.4533071 0 P 0
L 2.6422047 2.5233071 2.6522047 2.5433071 0 P 0
L 2.6422047 2.5233071 2.6622047 2.5333071 0 P 0
L 2.6422047 2.5633071 2.6522047 2.5433071 0 P 0
L 2.6422047 2.5633071 2.6622047 2.5533071 0 P 0
L 2.6422047 2.6233071 2.6522047 2.6433071 0 P 0
L 2.6422047 2.6233071 2.6622047 2.6333071 0 P 0
L 2.6422047 2.6633071 2.6522047 2.6433071 0 P 0
L 2.6422047 2.6633071 2.6622047 2.6533071 0 P 0
L 2.6422047 2.7233071 2.6522047 2.7433071 0 P 0
L 2.6422047 2.7233071 2.6622047 2.7333071 0 P 0
L 2.6422047 2.7633071 2.6522047 2.7433071 0 P 0
L 2.6422047 2.7633071 2.6622047 2.7533071 0 P 0
L 2.6422047 2.8233071 2.6522047 2.8433071 0 P 0
L 2.6422047 2.8233071 2.6622047 2.8333071 0 P 0
L 2.6422047 2.8633071 2.6522047 2.8433071 0 P 0
L 2.6422047 2.8633071 2.6622047 2.8533071 0 P 0
L 2.6422047 2.9233071 2.6522047 2.9433071 0 P 0
L 2.6422047 2.9233071 2.6622047 2.9333071 0 P 0
L 2.6422047 2.9633071 2.6522047 2.9433071 0 P 0
L 2.6422047 2.9633071 2.6622047 2.9533071 0 P 0
L 2.6422047 3.0233071 2.6522047 3.0433071 0 P 0
L 2.6422047 3.0233071 2.6622047 3.0333071 0 P 0
L 2.6422047 3.0633071 2.6522047 3.0433071 0 P 0
L 2.6422047 3.0633071 2.6622047 3.0533071 0 P 0
L 2.6422047 3.1233071 2.6522047 3.1433071 0 P 0
L 2.6422047 3.1233071 2.6622047 3.1333071 0 P 0
L 2.6422047 3.1633071 2.6522047 3.1433071 0 P 0
L 2.6422047 3.1633071 2.6622047 3.1533071 0 P 0
L 2.6422047 3.2233071 2.6522047 3.2433071 0 P 0
L 2.6422047 3.2233071 2.6622047 3.2333071 0 P 0
L 2.6422047 3.2633071 2.6522047 3.2433071 0 P 0
L 2.6422047 3.2633071 2.6622047 3.2533071 0 P 0
L 2.6422047 3.3233071 2.6522047 3.3433071 0 P 0
L 2.6422047 3.3233071 2.6622047 3.3333071 0 P 0
L 2.6422047 3.3633071 2.6522047 3.3433071 0 P 0
L 2.6422047 3.3633071 2.6622047 3.3533071 0 P 0
L 2.6422047 3.4233071 2.6522047 3.4433071 0 P 0
L 2.6422047 3.4233071 2.6622047 3.4333071 0 P 0
L 2.6422047 3.4633071 2.6522047 3.4433071 0 P 0
L 2.6422047 3.4633071 2.6622047 3.4533071 0 P 0
L 2.6422047 3.5233071 2.6522047 3.5433071 0 P 0
L 2.6422047 3.5233071 2.6622047 3.5333071 0 P 0
L 2.6422047 3.5633071 2.6522047 3.5433071 0 P 0
L 2.6422047 3.5633071 2.6622047 3.5533071 0 P 0
L 2.6622047 1.6333071 2.6822047 1.6233071 0 P 0
L 2.6622047 1.6533071 2.6822047 1.6633071 0 P 0
L 2.6622047 1.7333071 2.6822047 1.7233071 0 P 0
L 2.6622047 1.7533071 2.6822047 1.7633071 0 P 0
L 2.6622047 1.8333071 2.6822047 1.8233071 0 P 0
L 2.6622047 1.8533071 2.6822047 1.8633071 0 P 0
L 2.6622047 1.9333071 2.6822047 1.9233071 0 P 0
L 2.6622047 1.9533071 2.6822047 1.9633071 0 P 0
L 2.6622047 2.0333071 2.6822047 2.0233071 0 P 0
L 2.6622047 2.0533071 2.6822047 2.0633071 0 P 0
L 2.6622047 2.1333071 2.6822047 2.1233071 0 P 0
L 2.6622047 2.1533071 2.6822047 2.1633071 0 P 0
L 2.6622047 2.2333071 2.6822047 2.2233071 0 P 0
L 2.6622047 2.2533071 2.6822047 2.2633071 0 P 0
L 2.6622047 2.3333071 2.6822047 2.3233071 0 P 0
L 2.6622047 2.3533071 2.6822047 2.3633071 0 P 0
L 2.6622047 2.4333071 2.6822047 2.4233071 0 P 0
L 2.6622047 2.4533071 2.6822047 2.4633071 0 P 0
L 2.6622047 2.5333071 2.6822047 2.5233071 0 P 0
L 2.6622047 2.5533071 2.6822047 2.5633071 0 P 0
L 2.6622047 2.6333071 2.6822047 2.6233071 0 P 0
L 2.6622047 2.6533071 2.6822047 2.6633071 0 P 0
L 2.6622047 2.7333071 2.6822047 2.7233071 0 P 0
L 2.6622047 2.7533071 2.6822047 2.7633071 0 P 0
L 2.6622047 2.8333071 2.6822047 2.8233071 0 P 0
L 2.6622047 2.8533071 2.6822047 2.8633071 0 P 0
L 2.6622047 2.9333071 2.6822047 2.9233071 0 P 0
L 2.6622047 2.9533071 2.6822047 2.9633071 0 P 0
L 2.6622047 3.0333071 2.6822047 3.0233071 0 P 0
L 2.6622047 3.0533071 2.6822047 3.0633071 0 P 0
L 2.6622047 3.1333071 2.6822047 3.1233071 0 P 0
L 2.6622047 3.1533071 2.6822047 3.1633071 0 P 0
L 2.6622047 3.2333071 2.6822047 3.2233071 0 P 0
L 2.6622047 3.2533071 2.6822047 3.2633071 0 P 0
L 2.6622047 3.3333071 2.6822047 3.3233071 0 P 0
L 2.6622047 3.3533071 2.6822047 3.3633071 0 P 0
L 2.6622047 3.4333071 2.6822047 3.4233071 0 P 0
L 2.6622047 3.4533071 2.6822047 3.4633071 0 P 0
L 2.6622047 3.5333071 2.6822047 3.5233071 0 P 0
L 2.6622047 3.5533071 2.6822047 3.5633071 0 P 0
L 2.6722047 1.6433071 2.6822047 1.6233071 0 P 0
L 2.6722047 1.6433071 2.6822047 1.6633071 0 P 0
L 2.6722047 1.7433071 2.6822047 1.7233071 0 P 0
L 2.6722047 1.7433071 2.6822047 1.7633071 0 P 0
L 2.6722047 1.8433071 2.6822047 1.8233071 0 P 0
L 2.6722047 1.8433071 2.6822047 1.8633071 0 P 0
L 2.6722047 1.9433071 2.6822047 1.9233071 0 P 0
L 2.6722047 1.9433071 2.6822047 1.9633071 0 P 0
L 2.6722047 2.0433071 2.6822047 2.0233071 0 P 0
L 2.6722047 2.0433071 2.6822047 2.0633071 0 P 0
L 2.6722047 2.1433071 2.6822047 2.1233071 0 P 0
L 2.6722047 2.1433071 2.6822047 2.1633071 0 P 0
L 2.6722047 2.2433071 2.6822047 2.2233071 0 P 0
L 2.6722047 2.2433071 2.6822047 2.2633071 0 P 0
L 2.6722047 2.3433071 2.6822047 2.3233071 0 P 0
L 2.6722047 2.3433071 2.6822047 2.3633071 0 P 0
L 2.6722047 2.4433071 2.6822047 2.4233071 0 P 0
L 2.6722047 2.4433071 2.6822047 2.4633071 0 P 0
L 2.6722047 2.5433071 2.6822047 2.5233071 0 P 0
L 2.6722047 2.5433071 2.6822047 2.5633071 0 P 0
L 2.6722047 2.6433071 2.6822047 2.6233071 0 P 0
L 2.6722047 2.6433071 2.6822047 2.6633071 0 P 0
L 2.6722047 2.7433071 2.6822047 2.7233071 0 P 0
L 2.6722047 2.7433071 2.6822047 2.7633071 0 P 0
L 2.6722047 2.8433071 2.6822047 2.8233071 0 P 0
L 2.6722047 2.8433071 2.6822047 2.8633071 0 P 0
L 2.6722047 2.9433071 2.6822047 2.9233071 0 P 0
L 2.6722047 2.9433071 2.6822047 2.9633071 0 P 0
L 2.6722047 3.0433071 2.6822047 3.0233071 0 P 0
L 2.6722047 3.0433071 2.6822047 3.0633071 0 P 0
L 2.6722047 3.1433071 2.6822047 3.1233071 0 P 0
L 2.6722047 3.1433071 2.6822047 3.1633071 0 P 0
L 2.6722047 3.2433071 2.6822047 3.2233071 0 P 0
L 2.6722047 3.2433071 2.6822047 3.2633071 0 P 0
L 2.6722047 3.3433071 2.6822047 3.3233071 0 P 0
L 2.6722047 3.3433071 2.6822047 3.3633071 0 P 0
L 2.6722047 3.4433071 2.6822047 3.4233071 0 P 0
L 2.6722047 3.4433071 2.6822047 3.4633071 0 P 0
L 2.6722047 3.5433071 2.6822047 3.5233071 0 P 0
L 2.6722047 3.5433071 2.6822047 3.5633071 0 P 0
L 2.6922047 1.1829134 2.6922047 1.2029134 0 P 0
L 2.6922047 1.1829134 2.7022047 1.1829134 0 P 0
L 2.6922047 1.2029134 2.7022047 1.2029134 0 P 0
L 2.7022047 1.1729134 2.7022047 1.1829134 0 P 0
L 2.7022047 1.1729134 2.7222047 1.1729134 0 P 0
L 2.7022047 1.2029134 2.7022047 1.2129134 0 P 0
L 2.7022047 1.2129134 2.7222047 1.2129134 0 P 0
L 2.7222047 1.1729134 2.7222047 1.1829134 0 P 0
L 2.7222047 1.1829134 2.7322047 1.1829134 0 P 0
L 2.7222047 1.2029134 2.7222047 1.2129134 0 P 0
L 2.7222047 1.2029134 2.7322047 1.2029134 0 P 0
L 2.7322047 1.1829134 2.7322047 1.2029134 0 P 0
L 3.007559 2.974252 3.017559 2.974252 0 P 0
L 3.007559 2.974252 3.017559 2.984252 0 P 0
L 3.007559 2.994252 3.017559 2.984252 0 P 0
L 3.007559 2.994252 3.017559 2.994252 0 P 0
L 3.007559 3.0726776 3.017559 3.0726776 0 P 0
L 3.007559 3.0726776 3.017559 3.0826776 0 P 0
L 3.007559 3.0926776 3.017559 3.0826776 0 P 0
L 3.007559 3.0926776 3.017559 3.0926776 0 P 0
L 3.0114961 0.3937008 3.0314961 0.3737008 0 P 0
L 3.0114961 0.3937008 3.0314961 0.4137008 0 P 0
L 3.0114961 3.9370079 3.0314961 3.9170079 0 P 0
L 3.0114961 3.9370079 3.0314961 3.9570079 0 P 0
L 3.017559 2.974252 3.027559 2.964252 0 P 0
L 3.017559 2.994252 3.027559 3.004252 0 P 0
L 3.017559 3.0726776 3.027559 3.0626776 0 P 0
L 3.017559 3.0926776 3.027559 3.1026776 0 P 0
L 3.0233071 2.3167717 3.0233071 2.3367717 0 P 0
L 3.0233071 2.3167717 3.0333071 2.3167717 0 P 0
L 3.0233071 2.3367717 3.0333071 2.3367717 0 P 0
L 3.0233071 2.4167717 3.0233071 2.4367717 0 P 0
L 3.0233071 2.4167717 3.0333071 2.4167717 0 P 0
L 3.0233071 2.4367717 3.0333071 2.4367717 0 P 0
L 3.0272441 1.7595276 3.0272441 1.7695276 0 P 0
L 3.0272441 1.7595276 3.0372441 1.7595276 0 P 0
L 3.0272441 1.7695276 3.0372441 1.7795276 0 P 0
L 3.0272441 1.7895276 3.0272441 1.7995276 0 P 0
L 3.0272441 1.7895276 3.0372441 1.7795276 0 P 0
L 3.0272441 1.7995276 3.0372441 1.7995276 0 P 0
L 3.027559 2.964252 3.037559 2.974252 0 P 0
L 3.027559 3.004252 3.037559 2.994252 0 P 0
L 3.027559 3.0626776 3.037559 3.0726776 0 P 0
L 3.027559 3.1026776 3.037559 3.0926776 0 P 0
L 3.0314961 0.3737008 3.0514961 0.3937008 0 P 0
L 3.0314961 0.4137008 3.0514961 0.3937008 0 P 0
L 3.0314961 3.9170079 3.0514961 3.9370079 0 P 0
L 3.0314961 3.9570079 3.0514961 3.9370079 0 P 0
L 3.0333071 2.3067717 3.0333071 2.3167717 0 P 0
L 3.0333071 2.3067717 3.0533071 2.3067717 0 P 0
L 3.0333071 2.3367717 3.0333071 2.3467717 0 P 0
L 3.0333071 2.3467717 3.0533071 2.3467717 0 P 0
L 3.0333071 2.4067717 3.0333071 2.4167717 0 P 0
L 3.0333071 2.4067717 3.0533071 2.4067717 0 P 0
L 3.0333071 2.4367717 3.0333071 2.4467717 0 P 0
L 3.0333071 2.4467717 3.0533071 2.4467717 0 P 0
L 3.0372441 1.7595276 3.0472441 1.7695276 0 P 0
L 3.0372441 1.7995276 3.0472441 1.7895276 0 P 0
L 3.037559 2.974252 3.047559 2.974252 0 P 0
L 3.037559 2.984252 3.047559 2.974252 0 P 0
L 3.037559 2.984252 3.047559 2.994252 0 P 0
L 3.037559 2.994252 3.047559 2.994252 0 P 0
L 3.037559 3.0726776 3.047559 3.0726776 0 P 0
L 3.037559 3.0826776 3.047559 3.0726776 0 P 0
L 3.037559 3.0826776 3.047559 3.0926776 0 P 0
L 3.037559 3.0926776 3.047559 3.0926776 0 P 0
L 3.0472441 1.7695276 3.0572441 1.7595276 0 P 0
L 3.0472441 1.7895276 3.0572441 1.7995276 0 P 0
L 3.0533071 2.3067717 3.0533071 2.3167717 0 P 0
L 3.0533071 2.3167717 3.0633071 2.3167717 0 P 0
L 3.0533071 2.3367717 3.0533071 2.3467717 0 P 0
L 3.0533071 2.3367717 3.0633071 2.3367717 0 P 0
L 3.0533071 2.4067717 3.0533071 2.4167717 0 P 0
L 3.0533071 2.4167717 3.0633071 2.4167717 0 P 0
L 3.0533071 2.4367717 3.0533071 2.4467717 0 P 0
L 3.0533071 2.4367717 3.0633071 2.4367717 0 P 0
L 3.0572441 1.7595276 3.0672441 1.7595276 0 P 0
L 3.0572441 1.7795276 3.0672441 1.7695276 0 P 0
L 3.0572441 1.7795276 3.0672441 1.7895276 0 P 0
L 3.0572441 1.7995276 3.0672441 1.7995276 0 P 0
L 3.0633071 2.3167717 3.0633071 2.3367717 0 P 0
L 3.0633071 2.4167717 3.0633071 2.4367717 0 P 0
L 3.0672441 1.7595276 3.0672441 1.7695276 0 P 0
L 3.0672441 1.7895276 3.0672441 1.7995276 0 P 0
L 3.1233071 2.3167717 3.1233071 2.3367717 0 P 0
L 3.1233071 2.3167717 3.1333071 2.3167717 0 P 0
L 3.1233071 2.3367717 3.1333071 2.3367717 0 P 0
L 3.1233071 2.4167717 3.1233071 2.4367717 0 P 0
L 3.1233071 2.4167717 3.1333071 2.4167717 0 P 0
L 3.1233071 2.4367717 3.1333071 2.4367717 0 P 0
L 3.1333071 2.3067717 3.1333071 2.3167717 0 P 0
L 3.1333071 2.3067717 3.1533071 2.3067717 0 P 0
L 3.1333071 2.3367717 3.1333071 2.3467717 0 P 0
L 3.1333071 2.3467717 3.1533071 2.3467717 0 P 0
L 3.1333071 2.4067717 3.1333071 2.4167717 0 P 0
L 3.1333071 2.4067717 3.1533071 2.4067717 0 P 0
L 3.1333071 2.4367717 3.1333071 2.4467717 0 P 0
L 3.1333071 2.4467717 3.1533071 2.4467717 0 P 0
L 3.1533071 2.3067717 3.1533071 2.3167717 0 P 0
L 3.1533071 2.3167717 3.1633071 2.3167717 0 P 0
L 3.1533071 2.3367717 3.1533071 2.3467717 0 P 0
L 3.1533071 2.3367717 3.1633071 2.3367717 0 P 0
L 3.1533071 2.4067717 3.1533071 2.4167717 0 P 0
L 3.1533071 2.4167717 3.1633071 2.4167717 0 P 0
L 3.1533071 2.4367717 3.1533071 2.4467717 0 P 0
L 3.1533071 2.4367717 3.1633071 2.4367717 0 P 0
L 3.1633071 2.3167717 3.1633071 2.3367717 0 P 0
L 3.1633071 2.4167717 3.1633071 2.4367717 0 P 0
L 3.2004724 0.8776378 3.2004724 0.8876378 0 P 0
L 3.2004724 0.8776378 3.2104724 0.8776378 0 P 0
L 3.2004724 0.8876378 3.2104724 0.8976378 0 P 0
L 3.2004724 0.9076378 3.2004724 0.9176378 0 P 0
L 3.2004724 0.9076378 3.2104724 0.8976378 0 P 0
L 3.2004724 0.9176378 3.2104724 0.9176378 0 P 0
L 3.2104724 0.8776378 3.2204724 0.8876378 0 P 0
L 3.2104724 0.9176378 3.2204724 0.9076378 0 P 0
L 3.2204724 0.8876378 3.2304724 0.8776378 0 P 0
L 3.2204724 0.9076378 3.2304724 0.9176378 0 P 0
L 3.2233071 2.3167717 3.2233071 2.3367717 0 P 0
L 3.2233071 2.3167717 3.2333071 2.3167717 0 P 0
L 3.2233071 2.3367717 3.2333071 2.3367717 0 P 0
L 3.2233071 2.4167717 3.2233071 2.4367717 0 P 0
L 3.2233071 2.4167717 3.2333071 2.4167717 0 P 0
L 3.2233071 2.4367717 3.2333071 2.4367717 0 P 0
L 3.2304724 0.8776378 3.2404724 0.8776378 0 P 0
L 3.2304724 0.8976378 3.2404724 0.8876378 0 P 0
L 3.2304724 0.8976378 3.2404724 0.9076378 0 P 0
L 3.2304724 0.9176378 3.2404724 0.9176378 0 P 0
L 3.2333071 2.3067717 3.2333071 2.3167717 0 P 0
L 3.2333071 2.3067717 3.2533071 2.3067717 0 P 0
L 3.2333071 2.3367717 3.2333071 2.3467717 0 P 0
L 3.2333071 2.3467717 3.2533071 2.3467717 0 P 0
L 3.2333071 2.4067717 3.2333071 2.4167717 0 P 0
L 3.2333071 2.4067717 3.2533071 2.4067717 0 P 0
L 3.2333071 2.4367717 3.2333071 2.4467717 0 P 0
L 3.2333071 2.4467717 3.2533071 2.4467717 0 P 0
L 3.2404724 0.8776378 3.2404724 0.8876378 0 P 0
L 3.2404724 0.9076378 3.2404724 0.9176378 0 P 0
L 3.2516535 1.48 3.2516535 1.49 0 P 0
L 3.2516535 1.48 3.2616535 1.48 0 P 0
L 3.2516535 1.49 3.2616535 1.5 0 P 0
L 3.2516535 1.51 3.2516535 1.52 0 P 0
L 3.2516535 1.51 3.2616535 1.5 0 P 0
L 3.2516535 1.52 3.2616535 1.52 0 P 0
L 3.2533071 2.3067717 3.2533071 2.3167717 0 P 0
L 3.2533071 2.3167717 3.2633071 2.3167717 0 P 0
L 3.2533071 2.3367717 3.2533071 2.3467717 0 P 0
L 3.2533071 2.3367717 3.2633071 2.3367717 0 P 0
L 3.2533071 2.4067717 3.2533071 2.4167717 0 P 0
L 3.2533071 2.4167717 3.2633071 2.4167717 0 P 0
L 3.2533071 2.4367717 3.2533071 2.4467717 0 P 0
L 3.2533071 2.4367717 3.2633071 2.4367717 0 P 0
L 3.2616535 1.48 3.2716535 1.49 0 P 0
L 3.2616535 1.52 3.2716535 1.51 0 P 0
L 3.2633071 2.3167717 3.2633071 2.3367717 0 P 0
L 3.2633071 2.4167717 3.2633071 2.4367717 0 P 0
L 3.2716535 1.49 3.2816535 1.48 0 P 0
L 3.2716535 1.51 3.2816535 1.52 0 P 0
L 3.2816535 1.48 3.2916535 1.48 0 P 0
L 3.2816535 1.5 3.2916535 1.49 0 P 0
L 3.2816535 1.5 3.2916535 1.51 0 P 0
L 3.2816535 1.52 3.2916535 1.52 0 P 0
L 3.2916535 1.48 3.2916535 1.49 0 P 0
L 3.2916535 1.51 3.2916535 1.52 0 P 0
L 3.3233071 2.3167717 3.3233071 2.3367717 0 P 0
L 3.3233071 2.3167717 3.3333071 2.3167717 0 P 0
L 3.3233071 2.3367717 3.3333071 2.3367717 0 P 0
L 3.3233071 2.4167717 3.3233071 2.4367717 0 P 0
L 3.3233071 2.4167717 3.3333071 2.4167717 0 P 0
L 3.3233071 2.4367717 3.3333071 2.4367717 0 P 0
L 3.3333071 2.3067717 3.3333071 2.3167717 0 P 0
L 3.3333071 2.3067717 3.3533071 2.3067717 0 P 0
L 3.3333071 2.3367717 3.3333071 2.3467717 0 P 0
L 3.3333071 2.3467717 3.3533071 2.3467717 0 P 0
L 3.3333071 2.4067717 3.3333071 2.4167717 0 P 0
L 3.3333071 2.4067717 3.3533071 2.4067717 0 P 0
L 3.3333071 2.4367717 3.3333071 2.4467717 0 P 0
L 3.3333071 2.4467717 3.3533071 2.4467717 0 P 0
L 3.3533071 2.3067717 3.3533071 2.3167717 0 P 0
L 3.3533071 2.3167717 3.3633071 2.3167717 0 P 0
L 3.3533071 2.3367717 3.3533071 2.3467717 0 P 0
L 3.3533071 2.3367717 3.3633071 2.3367717 0 P 0
L 3.3533071 2.4067717 3.3533071 2.4167717 0 P 0
L 3.3533071 2.4167717 3.3633071 2.4167717 0 P 0
L 3.3533071 2.4367717 3.3533071 2.4467717 0 P 0
L 3.3533071 2.4367717 3.3633071 2.4367717 0 P 0
L 3.3633071 2.3167717 3.3633071 2.3367717 0 P 0
L 3.3633071 2.4167717 3.3633071 2.4367717 0 P 0
L 3.4233071 2.3167717 3.4233071 2.3367717 0 P 0
L 3.4233071 2.3167717 3.4333071 2.3167717 0 P 0
L 3.4233071 2.3367717 3.4333071 2.3367717 0 P 0
L 3.4233071 2.4167717 3.4233071 2.4367717 0 P 0
L 3.4233071 2.4167717 3.4333071 2.4167717 0 P 0
L 3.4233071 2.4367717 3.4333071 2.4367717 0 P 0
L 3.4288189 3.3674016 3.4288189 3.4074016 0 P 0
L 3.4288189 3.3674016 3.4688189 3.3674016 0 P 0
L 3.4288189 3.4074016 3.4688189 3.4074016 0 P 0
L 3.4288189 3.468189 3.4288189 3.508189 0 P 0
L 3.4288189 3.468189 3.4688189 3.468189 0 P 0
L 3.4288189 3.508189 3.4688189 3.508189 0 P 0
L 3.4288189 3.5689764 3.4288189 3.6089764 0 P 0
L 3.4288189 3.5689764 3.4688189 3.5689764 0 P 0
L 3.4288189 3.6089764 3.4688189 3.6089764 0 P 0
L 3.4333071 2.3067717 3.4333071 2.3167717 0 P 0
L 3.4333071 2.3067717 3.4533071 2.3067717 0 P 0
L 3.4333071 2.3367717 3.4333071 2.3467717 0 P 0
L 3.4333071 2.3467717 3.4533071 2.3467717 0 P 0
L 3.4333071 2.4067717 3.4333071 2.4167717 0 P 0
L 3.4333071 2.4067717 3.4533071 2.4067717 0 P 0
L 3.4333071 2.4367717 3.4333071 2.4467717 0 P 0
L 3.4333071 2.4467717 3.4533071 2.4467717 0 P 0
L 3.4533071 2.3067717 3.4533071 2.3167717 0 P 0
L 3.4533071 2.3167717 3.4633071 2.3167717 0 P 0
L 3.4533071 2.3367717 3.4533071 2.3467717 0 P 0
L 3.4533071 2.3367717 3.4633071 2.3367717 0 P 0
L 3.4533071 2.4067717 3.4533071 2.4167717 0 P 0
L 3.4533071 2.4167717 3.4633071 2.4167717 0 P 0
L 3.4533071 2.4367717 3.4533071 2.4467717 0 P 0
L 3.4533071 2.4367717 3.4633071 2.4367717 0 P 0
L 3.4633071 2.3167717 3.4633071 2.3367717 0 P 0
L 3.4633071 2.4167717 3.4633071 2.4367717 0 P 0
L 3.4688189 3.3674016 3.4688189 3.4074016 0 P 0
L 3.4688189 3.468189 3.4688189 3.508189 0 P 0
L 3.4688189 3.5689764 3.4688189 3.6089764 0 P 0
L 3.487874 3.960315 3.487874 3.970315 0 P 0
L 3.487874 3.960315 3.497874 3.960315 0 P 0
L 3.487874 3.970315 3.497874 3.980315 0 P 0
L 3.487874 3.990315 3.487874 4.000315 0 P 0
L 3.487874 3.990315 3.497874 3.980315 0 P 0
L 3.487874 4.000315 3.497874 4.000315 0 P 0
L 3.497874 3.960315 3.507874 3.970315 0 P 0
L 3.497874 4.000315 3.507874 3.990315 0 P 0
L 3.507874 3.970315 3.517874 3.960315 0 P 0
L 3.507874 3.990315 3.517874 4.000315 0 P 0
L 3.517874 3.960315 3.527874 3.960315 0 P 0
L 3.517874 3.980315 3.527874 3.970315 0 P 0
L 3.517874 3.980315 3.527874 3.990315 0 P 0
L 3.517874 4.000315 3.527874 4.000315 0 P 0
L 3.5193701 2.6886614 3.5193701 2.6986614 0 P 0
L 3.5193701 2.6886614 3.5293701 2.6886614 0 P 0
L 3.5193701 2.6986614 3.5293701 2.7086614 0 P 0
L 3.5193701 2.7186614 3.5193701 2.7286614 0 P 0
L 3.5193701 2.7186614 3.5293701 2.7086614 0 P 0
L 3.5193701 2.7286614 3.5293701 2.7286614 0 P 0
L 3.5233071 2.3167717 3.5233071 2.3367717 0 P 0
L 3.5233071 2.3167717 3.5333071 2.3167717 0 P 0
L 3.5233071 2.3367717 3.5333071 2.3367717 0 P 0
L 3.5233071 2.4167717 3.5233071 2.4367717 0 P 0
L 3.5233071 2.4167717 3.5333071 2.4167717 0 P 0
L 3.5233071 2.4367717 3.5333071 2.4367717 0 P 0
L 3.527874 3.960315 3.527874 3.970315 0 P 0
L 3.527874 3.990315 3.527874 4.000315 0 P 0
L 3.5293701 2.6886614 3.5393701 2.6986614 0 P 0
L 3.5293701 2.7286614 3.5393701 2.7186614 0 P 0
L 3.5333071 2.3067717 3.5333071 2.3167717 0 P 0
L 3.5333071 2.3067717 3.5533071 2.3067717 0 P 0
L 3.5333071 2.3367717 3.5333071 2.3467717 0 P 0
L 3.5333071 2.3467717 3.5533071 2.3467717 0 P 0
L 3.5333071 2.4067717 3.5333071 2.4167717 0 P 0
L 3.5333071 2.4067717 3.5533071 2.4067717 0 P 0
L 3.5333071 2.4367717 3.5333071 2.4467717 0 P 0
L 3.5333071 2.4467717 3.5533071 2.4467717 0 P 0
L 3.5393701 2.6986614 3.5493701 2.6886614 0 P 0
L 3.5393701 2.7186614 3.5493701 2.7286614 0 P 0
L 3.5493701 2.6886614 3.5593701 2.6886614 0 P 0
L 3.5493701 2.7086614 3.5593701 2.6986614 0 P 0
L 3.5493701 2.7086614 3.5593701 2.7186614 0 P 0
L 3.5493701 2.7286614 3.5593701 2.7286614 0 P 0
L 3.5533071 2.3067717 3.5533071 2.3167717 0 P 0
L 3.5533071 2.3167717 3.5633071 2.3167717 0 P 0
L 3.5533071 2.3367717 3.5533071 2.3467717 0 P 0
L 3.5533071 2.3367717 3.5633071 2.3367717 0 P 0
L 3.5533071 2.4067717 3.5533071 2.4167717 0 P 0
L 3.5533071 2.4167717 3.5633071 2.4167717 0 P 0
L 3.5533071 2.4367717 3.5533071 2.4467717 0 P 0
L 3.5533071 2.4367717 3.5633071 2.4367717 0 P 0
L 3.5593701 2.6886614 3.5593701 2.6986614 0 P 0
L 3.5593701 2.7186614 3.5593701 2.7286614 0 P 0
L 3.5633071 2.3167717 3.5633071 2.3367717 0 P 0
L 3.5633071 2.4167717 3.5633071 2.4367717 0 P 0
L 3.6020472 1.7004724 3.6020472 1.7104724 0 P 0
L 3.6020472 1.7004724 3.6120472 1.7004724 0 P 0
L 3.6020472 1.7104724 3.6120472 1.7204724 0 P 0
L 3.6020472 1.7304724 3.6020472 1.7404724 0 P 0
L 3.6020472 1.7304724 3.6120472 1.7204724 0 P 0
L 3.6020472 1.7404724 3.6120472 1.7404724 0 P 0
L 3.6120472 1.7004724 3.6220472 1.7104724 0 P 0
L 3.6120472 1.7404724 3.6220472 1.7304724 0 P 0
L 3.6217323 2.6335433 3.6217323 2.6435433 0 P 0
L 3.6217323 2.6335433 3.6317323 2.6335433 0 P 0
L 3.6217323 2.6435433 3.6317323 2.6535433 0 P 0
L 3.6217323 2.6635433 3.6217323 2.6735433 0 P 0
L 3.6217323 2.6635433 3.6317323 2.6535433 0 P 0
L 3.6217323 2.6735433 3.6317323 2.6735433 0 P 0
L 3.6220472 1.7104724 3.6320472 1.7004724 0 P 0
L 3.6220472 1.7304724 3.6320472 1.7404724 0 P 0
L 3.6233071 2.3167717 3.6233071 2.3367717 0 P 0
L 3.6233071 2.3167717 3.6333071 2.3167717 0 P 0
L 3.6233071 2.3367717 3.6333071 2.3367717 0 P 0
L 3.6233071 2.4167717 3.6233071 2.4367717 0 P 0
L 3.6233071 2.4167717 3.6333071 2.4167717 0 P 0
L 3.6233071 2.4367717 3.6333071 2.4367717 0 P 0
L 3.6317323 2.6335433 3.6417323 2.6435433 0 P 0
L 3.6317323 2.6735433 3.6417323 2.6635433 0 P 0
L 3.6320472 1.7004724 3.6420472 1.7004724 0 P 0
L 3.6320472 1.7204724 3.6420472 1.7104724 0 P 0
L 3.6320472 1.7204724 3.6420472 1.7304724 0 P 0
L 3.6320472 1.7404724 3.6420472 1.7404724 0 P 0
L 3.6333071 2.3067717 3.6333071 2.3167717 0 P 0
L 3.6333071 2.3067717 3.6533071 2.3067717 0 P 0
L 3.6333071 2.3367717 3.6333071 2.3467717 0 P 0
L 3.6333071 2.3467717 3.6533071 2.3467717 0 P 0
L 3.6333071 2.4067717 3.6333071 2.4167717 0 P 0
L 3.6333071 2.4067717 3.6533071 2.4067717 0 P 0
L 3.6333071 2.4367717 3.6333071 2.4467717 0 P 0
L 3.6333071 2.4467717 3.6533071 2.4467717 0 P 0
L 3.6417323 2.6435433 3.6517323 2.6335433 0 P 0
L 3.6417323 2.6635433 3.6517323 2.6735433 0 P 0
L 3.6420472 1.7004724 3.6420472 1.7104724 0 P 0
L 3.6420472 1.7304724 3.6420472 1.7404724 0 P 0
L 3.6517323 2.6335433 3.6617323 2.6335433 0 P 0
L 3.6517323 2.6535433 3.6617323 2.6435433 0 P 0
L 3.6517323 2.6535433 3.6617323 2.6635433 0 P 0
L 3.6517323 2.6735433 3.6617323 2.6735433 0 P 0
L 3.6533071 2.3067717 3.6533071 2.3167717 0 P 0
L 3.6533071 2.3167717 3.6633071 2.3167717 0 P 0
L 3.6533071 2.3367717 3.6533071 2.3467717 0 P 0
L 3.6533071 2.3367717 3.6633071 2.3367717 0 P 0
L 3.6533071 2.4067717 3.6533071 2.4167717 0 P 0
L 3.6533071 2.4167717 3.6633071 2.4167717 0 P 0
L 3.6533071 2.4367717 3.6533071 2.4467717 0 P 0
L 3.6533071 2.4367717 3.6633071 2.4367717 0 P 0
L 3.6617323 2.6335433 3.6617323 2.6435433 0 P 0
L 3.6617323 2.6635433 3.6617323 2.6735433 0 P 0
L 3.6633071 2.3167717 3.6633071 2.3367717 0 P 0
L 3.6633071 2.4167717 3.6633071 2.4367717 0 P 0
L 3.7201575 2.5705512 3.7201575 2.5805512 0 P 0
L 3.7201575 2.5705512 3.7301575 2.5705512 0 P 0
L 3.7201575 2.5805512 3.7301575 2.5905512 0 P 0
L 3.7201575 2.6005512 3.7201575 2.6105512 0 P 0
L 3.7201575 2.6005512 3.7301575 2.5905512 0 P 0
L 3.7201575 2.6105512 3.7301575 2.6105512 0 P 0
L 3.7233071 2.3167717 3.7233071 2.3367717 0 P 0
L 3.7233071 2.3167717 3.7333071 2.3167717 0 P 0
L 3.7233071 2.3367717 3.7333071 2.3367717 0 P 0
L 3.7233071 2.4167717 3.7233071 2.4367717 0 P 0
L 3.7233071 2.4167717 3.7333071 2.4167717 0 P 0
L 3.7233071 2.4367717 3.7333071 2.4367717 0 P 0
L 3.7301575 2.5705512 3.7401575 2.5805512 0 P 0
L 3.7301575 2.6105512 3.7401575 2.6005512 0 P 0
L 3.7333071 2.3067717 3.7333071 2.3167717 0 P 0
L 3.7333071 2.3067717 3.7533071 2.3067717 0 P 0
L 3.7333071 2.3367717 3.7333071 2.3467717 0 P 0
L 3.7333071 2.3467717 3.7533071 2.3467717 0 P 0
L 3.7333071 2.4067717 3.7333071 2.4167717 0 P 0
L 3.7333071 2.4067717 3.7533071 2.4067717 0 P 0
L 3.7333071 2.4367717 3.7333071 2.4467717 0 P 0
L 3.7333071 2.4467717 3.7533071 2.4467717 0 P 0
L 3.7401575 2.5805512 3.7501575 2.5705512 0 P 0
L 3.7401575 2.6005512 3.7501575 2.6105512 0 P 0
L 3.7501575 2.5705512 3.7601575 2.5705512 0 P 0
L 3.7501575 2.5905512 3.7601575 2.5805512 0 P 0
L 3.7501575 2.5905512 3.7601575 2.6005512 0 P 0
L 3.7501575 2.6105512 3.7601575 2.6105512 0 P 0
L 3.7533071 2.3067717 3.7533071 2.3167717 0 P 0
L 3.7533071 2.3167717 3.7633071 2.3167717 0 P 0
L 3.7533071 2.3367717 3.7533071 2.3467717 0 P 0
L 3.7533071 2.3367717 3.7633071 2.3367717 0 P 0
L 3.7533071 2.4067717 3.7533071 2.4167717 0 P 0
L 3.7533071 2.4167717 3.7633071 2.4167717 0 P 0
L 3.7533071 2.4367717 3.7533071 2.4467717 0 P 0
L 3.7533071 2.4367717 3.7633071 2.4367717 0 P 0
L 3.7555905 3.3894488 3.7555905 3.3994488 0 P 0
L 3.7555905 3.3894488 3.7655905 3.3894488 0 P 0
L 3.7555905 3.3994488 3.7655905 3.4094488 0 P 0
L 3.7555905 3.4194488 3.7555905 3.4294488 0 P 0
L 3.7555905 3.4194488 3.7655905 3.4094488 0 P 0
L 3.7555905 3.4294488 3.7655905 3.4294488 0 P 0
L 3.7601575 2.5705512 3.7601575 2.5805512 0 P 0
L 3.7601575 2.6005512 3.7601575 2.6105512 0 P 0
L 3.7633071 2.3167717 3.7633071 2.3367717 0 P 0
L 3.7633071 2.4167717 3.7633071 2.4367717 0 P 0
L 3.7655905 3.3894488 3.7755905 3.3994488 0 P 0
L 3.7655905 3.4294488 3.7755905 3.4194488 0 P 0
L 3.7755905 3.3994488 3.7855905 3.3894488 0 P 0
L 3.7755905 3.4194488 3.7855905 3.4294488 0 P 0
L 3.7855905 3.3894488 3.7955905 3.3894488 0 P 0
L 3.7855905 3.4094488 3.7955905 3.3994488 0 P 0
L 3.7855905 3.4094488 3.7955905 3.4194488 0 P 0
L 3.7855905 3.4294488 3.7955905 3.4294488 0 P 0
L 3.7955905 3.3894488 3.7955905 3.3994488 0 P 0
L 3.7955905 3.4194488 3.7955905 3.4294488 0 P 0
L 3.8233071 2.3167717 3.8233071 2.3367717 0 P 0
L 3.8233071 2.3167717 3.8333071 2.3167717 0 P 0
L 3.8233071 2.3367717 3.8333071 2.3367717 0 P 0
L 3.8233071 2.4167717 3.8233071 2.4367717 0 P 0
L 3.8233071 2.4167717 3.8333071 2.4167717 0 P 0
L 3.8233071 2.4367717 3.8333071 2.4367717 0 P 0
L 3.8333071 2.3067717 3.8333071 2.3167717 0 P 0
L 3.8333071 2.3067717 3.8533071 2.3067717 0 P 0
L 3.8333071 2.3367717 3.8333071 2.3467717 0 P 0
L 3.8333071 2.3467717 3.8533071 2.3467717 0 P 0
L 3.8333071 2.4067717 3.8333071 2.4167717 0 P 0
L 3.8333071 2.4067717 3.8533071 2.4067717 0 P 0
L 3.8333071 2.4367717 3.8333071 2.4467717 0 P 0
L 3.8333071 2.4467717 3.8533071 2.4467717 0 P 0
L 3.8533071 2.3067717 3.8533071 2.3167717 0 P 0
L 3.8533071 2.3167717 3.8633071 2.3167717 0 P 0
L 3.8533071 2.3367717 3.8533071 2.3467717 0 P 0
L 3.8533071 2.3367717 3.8633071 2.3367717 0 P 0
L 3.8533071 2.4067717 3.8533071 2.4167717 0 P 0
L 3.8533071 2.4167717 3.8633071 2.4167717 0 P 0
L 3.8533071 2.4367717 3.8533071 2.4467717 0 P 0
L 3.8533071 2.4367717 3.8633071 2.4367717 0 P 0
L 3.8633071 2.3167717 3.8633071 2.3367717 0 P 0
L 3.8633071 2.4167717 3.8633071 2.4367717 0 P 0
L 3.8737008 0.8307087 3.8937008 0.8107087 0 P 0
L 3.8737008 0.8307087 3.8937008 0.8507087 0 P 0
L 3.8737008 3.8937008 3.8937008 3.8737008 0 P 0
L 3.8737008 3.8937008 3.8937008 3.9137008 0 P 0
L 3.8899685 3.1026772 3.9099685 3.0626772 0 P 0
L 3.8899685 3.1026772 3.9299685 3.1026772 0 P 0
L 3.8937008 0.8107087 3.9137008 0.8307087 0 P 0
L 3.8937008 0.8507087 3.9137008 0.8307087 0 P 0
L 3.8937008 3.8737008 3.9137008 3.8937008 0 P 0
L 3.8937008 3.9137008 3.9137008 3.8937008 0 P 0
L 3.9099685 3.0626772 3.9299685 3.1026772 0 P 0
L 3.9170143 1.5647997 3.9270143 1.5647997 0 P 0
L 3.9170143 1.5647997 3.9270143 1.5747997 0 P 0
L 3.9170143 1.5847997 3.9270143 1.5747997 0 P 0
L 3.9170143 1.5847997 3.9270143 1.5847997 0 P 0
L 3.9170143 1.6632253 3.9270143 1.6632253 0 P 0
L 3.9170143 1.6632253 3.9270143 1.6732253 0 P 0
L 3.9170143 1.6832253 3.9270143 1.6732253 0 P 0
L 3.9170143 1.6832253 3.9270143 1.6832253 0 P 0
L 3.9233071 2.3167717 3.9233071 2.3367717 0 P 0
L 3.9233071 2.3167717 3.9333071 2.3167717 0 P 0
L 3.9233071 2.3367717 3.9333071 2.3367717 0 P 0
L 3.9233071 2.4167717 3.9233071 2.4367717 0 P 0
L 3.9233071 2.4167717 3.9333071 2.4167717 0 P 0
L 3.9233071 2.4367717 3.9333071 2.4367717 0 P 0
L 3.9270143 1.5647997 3.9370143 1.5547997 0 P 0
L 3.9270143 1.5847997 3.9370143 1.5947997 0 P 0
L 3.9270143 1.6632253 3.9370143 1.6532253 0 P 0
L 3.9270143 1.6832253 3.9370143 1.6932253 0 P 0
L 3.9333071 2.3067717 3.9333071 2.3167717 0 P 0
L 3.9333071 2.3067717 3.9533071 2.3067717 0 P 0
L 3.9333071 2.3367717 3.9333071 2.3467717 0 P 0
L 3.9333071 2.3467717 3.9533071 2.3467717 0 P 0
L 3.9333071 2.4067717 3.9333071 2.4167717 0 P 0
L 3.9333071 2.4067717 3.9533071 2.4067717 0 P 0
L 3.9333071 2.4367717 3.9333071 2.4467717 0 P 0
L 3.9333071 2.4467717 3.9533071 2.4467717 0 P 0
L 3.9370143 1.5547997 3.9470143 1.5647997 0 P 0
L 3.9370143 1.5947997 3.9470143 1.5847997 0 P 0
L 3.9370143 1.6532253 3.9470143 1.6632253 0 P 0
L 3.9370143 1.6932253 3.9470143 1.6832253 0 P 0
L 3.9470143 1.5647997 3.9570143 1.5647997 0 P 0
L 3.9470143 1.5747997 3.9570143 1.5647997 0 P 0
L 3.9470143 1.5747997 3.9570143 1.5847997 0 P 0
L 3.9470143 1.5847997 3.9570143 1.5847997 0 P 0
L 3.9470143 1.6632253 3.9570143 1.6632253 0 P 0
L 3.9470143 1.6732253 3.9570143 1.6632253 0 P 0
L 3.9470143 1.6732253 3.9570143 1.6832253 0 P 0
L 3.9470143 1.6832253 3.9570143 1.6832253 0 P 0
L 3.9533071 2.3067717 3.9533071 2.3167717 0 P 0
L 3.9533071 2.3167717 3.9633071 2.3167717 0 P 0
L 3.9533071 2.3367717 3.9533071 2.3467717 0 P 0
L 3.9533071 2.3367717 3.9633071 2.3367717 0 P 0
L 3.9533071 2.4067717 3.9533071 2.4167717 0 P 0
L 3.9533071 2.4167717 3.9633071 2.4167717 0 P 0
L 3.9533071 2.4367717 3.9533071 2.4467717 0 P 0
L 3.9533071 2.4367717 3.9633071 2.4367717 0 P 0
L 3.9633071 2.3167717 3.9633071 2.3367717 0 P 0
L 3.9633071 2.4167717 3.9633071 2.4367717 0 P 0
L 3.98 2.5981102 3.98 2.6081102 0 P 0
L 3.98 2.5981102 3.99 2.5981102 0 P 0
L 3.98 2.6081102 3.99 2.6181102 0 P 0
L 3.98 2.6281102 3.98 2.6381102 0 P 0
L 3.98 2.6281102 3.99 2.6181102 0 P 0
L 3.98 2.6381102 3.99 2.6381102 0 P 0
L 3.99 2.5981102 4 2.6081102 0 P 0
L 3.99 2.6381102 4 2.6281102 0 P 0
L 4 2.6081102 4.01 2.5981102 0 P 0
L 4 2.6281102 4.01 2.6381102 0 P 0
L 4.01 2.5981102 4.02 2.5981102 0 P 0
L 4.01 2.6181102 4.02 2.6081102 0 P 0
L 4.01 2.6181102 4.02 2.6281102 0 P 0
L 4.01 2.6381102 4.02 2.6381102 0 P 0
L 4.02 2.5981102 4.02 2.6081102 0 P 0
L 4.02 2.6281102 4.02 2.6381102 0 P 0
L 4.0233071 2.3167717 4.0233071 2.3367717 0 P 0
L 4.0233071 2.3167717 4.0333071 2.3167717 0 P 0
L 4.0233071 2.3367717 4.0333071 2.3367717 0 P 0
L 4.0233071 2.4167717 4.0233071 2.4367717 0 P 0
L 4.0233071 2.4167717 4.0333071 2.4167717 0 P 0
L 4.0233071 2.4367717 4.0333071 2.4367717 0 P 0
L 4.0333071 2.3067717 4.0333071 2.3167717 0 P 0
L 4.0333071 2.3067717 4.0533071 2.3067717 0 P 0
L 4.0333071 2.3367717 4.0333071 2.3467717 0 P 0
L 4.0333071 2.3467717 4.0533071 2.3467717 0 P 0
L 4.0333071 2.4067717 4.0333071 2.4167717 0 P 0
L 4.0333071 2.4067717 4.0533071 2.4067717 0 P 0
L 4.0333071 2.4367717 4.0333071 2.4467717 0 P 0
L 4.0333071 2.4467717 4.0533071 2.4467717 0 P 0
L 4.0533071 2.3067717 4.0533071 2.3167717 0 P 0
L 4.0533071 2.3167717 4.0633071 2.3167717 0 P 0
L 4.0533071 2.3367717 4.0533071 2.3467717 0 P 0
L 4.0533071 2.3367717 4.0633071 2.3367717 0 P 0
L 4.0533071 2.4067717 4.0533071 2.4167717 0 P 0
L 4.0533071 2.4167717 4.0633071 2.4167717 0 P 0
L 4.0533071 2.4367717 4.0533071 2.4467717 0 P 0
L 4.0533071 2.4367717 4.0633071 2.4367717 0 P 0
L 4.0633071 2.3167717 4.0633071 2.3367717 0 P 0
L 4.0633071 2.4167717 4.0633071 2.4367717 0 P 0
L 4.0744882 2.2201575 4.0744882 2.2301575 0 P 0
L 4.0744882 2.2201575 4.0844882 2.2201575 0 P 0
L 4.0744882 2.2301575 4.0844882 2.2401575 0 P 0
L 4.0744882 2.2501575 4.0744882 2.2601575 0 P 0
L 4.0744882 2.2501575 4.0844882 2.2401575 0 P 0
L 4.0744882 2.2601575 4.0844882 2.2601575 0 P 0
L 4.0844882 2.2201575 4.0944882 2.2301575 0 P 0
L 4.0844882 2.2601575 4.0944882 2.2501575 0 P 0
L 4.0944882 2.2301575 4.1044882 2.2201575 0 P 0
L 4.0944882 2.2501575 4.1044882 2.2601575 0 P 0
L 4.1044882 2.2201575 4.1144882 2.2201575 0 P 0
L 4.1044882 2.2401575 4.1144882 2.2301575 0 P 0
L 4.1044882 2.2401575 4.1144882 2.2501575 0 P 0
L 4.1044882 2.2601575 4.1144882 2.2601575 0 P 0
L 4.1144882 2.2201575 4.1144882 2.2301575 0 P 0
L 4.1144882 2.2501575 4.1144882 2.2601575 0 P 0
L 4.1217323 3.4689764 4.1217323 3.5089764 0 P 0
L 4.1217323 3.4689764 4.1617323 3.4689764 0 P 0
L 4.1217323 3.5089764 4.1617323 3.5089764 0 P 0
L 4.1217323 3.5697638 4.1217323 3.6097638 0 P 0
L 4.1217323 3.5697638 4.1617323 3.5697638 0 P 0
L 4.1217323 3.6097638 4.1617323 3.6097638 0 P 0
L 4.1233071 2.3167717 4.1233071 2.3367717 0 P 0
L 4.1233071 2.3167717 4.1333071 2.3167717 0 P 0
L 4.1233071 2.3367717 4.1333071 2.3367717 0 P 0
L 4.1233071 2.4167717 4.1233071 2.4367717 0 P 0
L 4.1233071 2.4167717 4.1333071 2.4167717 0 P 0
L 4.1233071 2.4367717 4.1333071 2.4367717 0 P 0
L 4.1333071 2.3067717 4.1333071 2.3167717 0 P 0
L 4.1333071 2.3067717 4.1533071 2.3067717 0 P 0
L 4.1333071 2.3367717 4.1333071 2.3467717 0 P 0
L 4.1333071 2.3467717 4.1533071 2.3467717 0 P 0
L 4.1333071 2.4067717 4.1333071 2.4167717 0 P 0
L 4.1333071 2.4067717 4.1533071 2.4067717 0 P 0
L 4.1333071 2.4367717 4.1333071 2.4467717 0 P 0
L 4.1333071 2.4467717 4.1533071 2.4467717 0 P 0
L 4.1533071 2.3067717 4.1533071 2.3167717 0 P 0
L 4.1533071 2.3167717 4.1633071 2.3167717 0 P 0
L 4.1533071 2.3367717 4.1533071 2.3467717 0 P 0
L 4.1533071 2.3367717 4.1633071 2.3367717 0 P 0
L 4.1533071 2.4067717 4.1533071 2.4167717 0 P 0
L 4.1533071 2.4167717 4.1633071 2.4167717 0 P 0
L 4.1533071 2.4367717 4.1533071 2.4467717 0 P 0
L 4.1533071 2.4367717 4.1633071 2.4367717 0 P 0
L 4.1617323 3.4689764 4.1617323 3.5089764 0 P 0
L 4.1617323 3.5697638 4.1617323 3.6097638 0 P 0
L 4.1633071 2.3167717 4.1633071 2.3367717 0 P 0
L 4.1633071 2.4167717 4.1633071 2.4367717 0 P 0
L 4.2359055 3.2004724 4.2359055 3.2104724 0 P 0
L 4.2359055 3.2004724 4.2459055 3.2004724 0 P 0
L 4.2359055 3.2104724 4.2459055 3.2204724 0 P 0
L 4.2359055 3.2304724 4.2359055 3.2404724 0 P 0
L 4.2359055 3.2304724 4.2459055 3.2204724 0 P 0
L 4.2359055 3.2404724 4.2459055 3.2404724 0 P 0
L 4.2459055 3.2004724 4.2559055 3.2104724 0 P 0
L 4.2459055 3.2404724 4.2559055 3.2304724 0 P 0
L 4.2559055 3.2104724 4.2659055 3.2004724 0 P 0
L 4.2559055 3.2304724 4.2659055 3.2404724 0 P 0
L 4.2659055 3.2004724 4.2759055 3.2004724 0 P 0
L 4.2659055 3.2204724 4.2759055 3.2104724 0 P 0
L 4.2659055 3.2204724 4.2759055 3.2304724 0 P 0
L 4.2659055 3.2404724 4.2759055 3.2404724 0 P 0
L 4.2759055 3.2004724 4.2759055 3.2104724 0 P 0
L 4.2759055 3.2304724 4.2759055 3.2404724 0 P 0
L 4.3107087 1.4540157 4.3107087 1.4940157 0 P 0
L 4.3107087 1.4540157 4.3507087 1.4540157 0 P 0
L 4.3107087 1.4940157 4.3507087 1.4940157 0 P 0
L 4.3107087 1.5548031 4.3107087 1.5948031 0 P 0
L 4.3107087 1.5548031 4.3507087 1.5548031 0 P 0
L 4.3107087 1.5948031 4.3507087 1.5948031 0 P 0
L 4.3107087 1.6555905 4.3107087 1.6955905 0 P 0
L 4.3107087 1.6555905 4.3507087 1.6555905 0 P 0
L 4.3107087 1.6955905 4.3507087 1.6955905 0 P 0
L 4.3382677 2.9170079 4.3382677 2.9270079 0 P 0
L 4.3382677 2.9170079 4.3482677 2.9170079 0 P 0
L 4.3382677 2.9270079 4.3482677 2.9370079 0 P 0
L 4.3382677 2.9470079 4.3382677 2.9570079 0 P 0
L 4.3382677 2.9470079 4.3482677 2.9370079 0 P 0
L 4.3382677 2.9570079 4.3482677 2.9570079 0 P 0
L 4.3482677 2.9170079 4.3582677 2.9270079 0 P 0
L 4.3482677 2.9570079 4.3582677 2.9470079 0 P 0
L 4.3507087 1.4540157 4.3507087 1.4940157 0 P 0
L 4.3507087 1.5548031 4.3507087 1.5948031 0 P 0
L 4.3507087 1.6555905 4.3507087 1.6955905 0 P 0
L 4.3582677 2.9270079 4.3682677 2.9170079 0 P 0
L 4.3582677 2.9470079 4.3682677 2.9570079 0 P 0
L 4.3682677 2.9170079 4.3782677 2.9170079 0 P 0
L 4.3682677 2.9370079 4.3782677 2.9270079 0 P 0
L 4.3682677 2.9370079 4.3782677 2.9470079 0 P 0
L 4.3682677 2.9570079 4.3782677 2.9570079 0 P 0
L 4.3782677 2.9170079 4.3782677 2.9270079 0 P 0
L 4.3782677 2.9470079 4.3782677 2.9570079 0 P 0
L 4.4130709 1.972126 4.4130709 1.982126 0 P 0
L 4.4130709 1.972126 4.4230709 1.972126 0 P 0
L 4.4130709 1.982126 4.4230709 1.992126 0 P 0
L 4.4130709 2.002126 4.4130709 2.012126 0 P 0
L 4.4130709 2.002126 4.4230709 1.992126 0 P 0
L 4.4130709 2.012126 4.4230709 2.012126 0 P 0
L 4.4230709 1.972126 4.4330709 1.982126 0 P 0
L 4.4230709 2.012126 4.4330709 2.002126 0 P 0
L 4.4330709 1.982126 4.4430709 1.972126 0 P 0
L 4.4330709 2.002126 4.4430709 2.012126 0 P 0
L 4.4430709 1.972126 4.4530709 1.972126 0 P 0
L 4.4430709 1.992126 4.4530709 1.982126 0 P 0
L 4.4430709 1.992126 4.4530709 2.002126 0 P 0
L 4.4430709 2.012126 4.4530709 2.012126 0 P 0
L 4.4530709 1.972126 4.4530709 1.982126 0 P 0
L 4.4530709 2.002126 4.4530709 2.012126 0 P 0
L 4.5075591 2.3622047 4.5275591 2.3422047 0 P 0
L 4.5075591 2.3622047 4.5275591 2.3822047 0 P 0
L 4.5275591 2.3422047 4.5475591 2.3622047 0 P 0
L 4.5275591 2.3822047 4.5475591 2.3622047 0 P 0
