UNITS=MM
#Layer_Color=6321
#
#Feature symbol names
#
$0 r127

#
#Feature attribute names
#

#
#Layer features
#
L 3.00000162 59.99999938 6.9999987 59.99999938 0 P 0
L 4.55550016 66.73000116 5.44450016 66.73000116 0 P 0
L 4.55550016 69.27000116 5.44450016 69.27000116 0 P 0
L 4.61900016 50.9999996 5.38100016 50.9999996 0 P 0
L 4.61900016 53.5399996 5.38100016 53.5399996 0 P 0
L 5.00000016 50.6189996 5.00000016 51.3809996 0 P 0
L 5.00000016 53.1589996 5.00000016 53.9209996 0 P 0
L 5.00000016 58.00000084 5.00000016 61.99999792 0 P 0
L 5.00000016 66.28550116 5.00000016 67.17450116 0 P 0
L 5.00000016 68.82550116 5.00000016 69.71450116 0 P 0
L 11.04440006 53.30000008 11.75560006 53.30000008 0 P 0
L 11.40000006 52.94440008 11.40000006 53.65560008 0 P 0
L 14.06899904 92.25000092 14.83099904 92.25000092 0 P 0
L 14.1074775 27.64802446 14.9964775 27.64802446 0 P 0
L 14.24439874 67.79999902 14.95559874 67.79999902 0 P 0
L 14.44999904 91.86900092 14.44999904 92.63100092 0 P 0
L 14.5519775 27.20352446 14.5519775 28.09252446 0 P 0
L 14.59999874 67.44439902 14.59999874 68.15559902 0 P 0
L 15.86505082 94.0460527 16.62705082 94.0460527 0 P 0
L 15.90352166 25.85197522 16.79252166 25.85197522 0 P 0
L 16.24605082 93.6650527 16.24605082 94.4270527 0 P 0
L 16.34802166 25.40747522 16.34802166 26.29647522 0 P 0
L 18.9443995 85.80000112 19.6555995 85.80000112 0 P 0
L 19.10000244 21.10000098 23.09999952 21.10000098 0 P 0
L 19.10000244 98.90000032 23.09999952 98.90000032 0 P 0
L 19.2999995 85.44440112 19.2999995 86.15560112 0 P 0
L 21.10000098 19.10000244 21.10000098 23.09999952 0 P 0
L 21.10000098 96.90000178 21.10000098 100.89999886 0 P 0
L 21.74439898 67.39999982 22.45559898 67.39999982 0 P 0
L 21.94440112 33.39999924 22.65560112 33.39999924 0 P 0
L 22.09999898 67.04439982 22.09999898 67.75559982 0 P 0
L 22.30000112 33.04439924 22.30000112 33.75559924 0 P 0
L 24.6444008 28.70000102 25.3556008 28.70000102 0 P 0
L 25.0000008 28.34440102 25.0000008 29.05560102 0 P 0
L 25.40747522 103.65197456 26.29647522 103.65197456 0 P 0
L 25.5729486 16.24605082 26.3349486 16.24605082 0 P 0
L 25.85197522 103.20747456 25.85197522 104.09647456 0 P 0
L 25.9539486 15.86505082 25.9539486 16.62705082 0 P 0
L 27.20352446 105.4480238 28.09252446 105.4480238 0 P 0
L 27.34440048 43.39999956 28.05560048 43.39999956 0 P 0
L 27.36900038 14.44999904 28.13100038 14.44999904 0 P 0
L 27.64802446 105.0035238 27.64802446 105.8925238 0 P 0
L 27.70000048 43.04439956 27.70000048 43.75559956 0 P 0
L 27.75000038 14.06899904 27.75000038 14.83099904 0 P 0
L 27.84439948 31.2000011 28.55559948 31.2000011 0 P 0
L 28.04439908 96.10000084 28.75559908 96.10000084 0 P 0
L 28.19999948 30.8444011 28.19999948 31.5556011 0 P 0
L 28.39999908 95.74440084 28.39999908 96.45560084 0 P 0
L 33.04439924 97.70000018 33.75559924 97.70000018 0 P 0
L 33.39999924 97.34440018 33.39999924 98.05560018 0 P 0
L 36.65000036 57.08000014 37.54999856 57.08000014 0 P 0
L 36.65000036 59.62000014 37.54999856 59.62000014 0 P 0
L 36.65000036 62.16000014 37.54999856 62.16000014 0 P 0
L 36.65000036 64.70000014 37.54999856 64.70000014 0 P 0
L 36.65000036 67.24000014 37.54999856 67.24000014 0 P 0
L 36.65000036 69.78000014 37.54999856 69.78000014 0 P 0
L 36.65000036 72.32000014 37.54999856 72.32000014 0 P 0
L 36.65000036 74.86000014 37.54999856 74.86000014 0 P 0
L 36.94439906 109.10000024 37.65559906 109.10000024 0 P 0
L 37.09999946 56.63000104 37.09999946 57.52999924 0 P 0
L 37.09999946 59.17000104 37.09999946 60.06999924 0 P 0
L 37.09999946 61.71000104 37.09999946 62.60999924 0 P 0
L 37.09999946 64.25000104 37.09999946 65.14999924 0 P 0
L 37.09999946 66.79000104 37.09999946 67.68999924 0 P 0
L 37.09999946 69.33000104 37.09999946 70.22999924 0 P 0
L 37.09999946 71.87000104 37.09999946 72.76999924 0 P 0
L 37.09999946 74.41000104 37.09999946 75.30999924 0 P 0
L 37.29999906 108.74440024 37.29999906 109.45560024 0 P 0
L 40.44439968 89.1999994 41.15559968 89.1999994 0 P 0
L 40.79999968 88.8443994 40.79999968 89.5555994 0 P 0
L 42.84439996 36.30000106 43.55559996 36.30000106 0 P 0
L 43.19999996 35.94440106 43.19999996 36.65560106 0 P 0
L 43.7444007 21.10000098 44.4556007 21.10000098 0 P 0
L 43.7444007 80.59999882 44.4556007 80.59999882 0 P 0
L 44.1000007 20.74440098 44.1000007 21.45560098 0 P 0
L 44.1000007 80.24439882 44.1000007 80.95559882 0 P 0
L 44.27000036 57.08000014 45.16999856 57.08000014 0 P 0
L 44.27000036 59.62000014 45.16999856 59.62000014 0 P 0
L 44.27000036 62.16000014 45.16999856 62.16000014 0 P 0
L 44.27000036 64.70000014 45.16999856 64.70000014 0 P 0
L 44.27000036 67.24000014 45.16999856 67.24000014 0 P 0
L 44.27000036 69.78000014 45.16999856 69.78000014 0 P 0
L 44.27000036 72.32000014 45.16999856 72.32000014 0 P 0
L 44.27000036 74.86000014 45.16999856 74.86000014 0 P 0
L 44.71999946 56.63000104 44.71999946 57.52999924 0 P 0
L 44.71999946 59.17000104 44.71999946 60.06999924 0 P 0
L 44.71999946 61.71000104 44.71999946 62.60999924 0 P 0
L 44.71999946 64.25000104 44.71999946 65.14999924 0 P 0
L 44.71999946 66.79000104 44.71999946 67.68999924 0 P 0
L 44.71999946 69.33000104 44.71999946 70.22999924 0 P 0
L 44.71999946 71.87000104 44.71999946 72.76999924 0 P 0
L 44.71999946 74.41000104 44.71999946 75.30999924 0 P 0
L 50.28550014 5.00000016 51.17450014 5.00000016 0 P 0
L 50.6189996 115.00000114 51.3809996 115.00000114 0 P 0
L 50.73000014 4.55550016 50.73000014 5.44450016 0 P 0
L 50.9999996 114.61900114 50.9999996 115.38100114 0 P 0
L 51.84439974 14.59999874 52.55559974 14.59999874 0 P 0
L 52.19999974 14.24439874 52.19999974 14.95559874 0 P 0
L 52.54440088 92.30000082 53.25560088 92.30000082 0 P 0
L 52.55000158 57.31999966 53.44999978 57.31999966 0 P 0
L 52.55000158 59.85999966 53.44999978 59.85999966 0 P 0
L 52.55000158 62.39999966 53.44999978 62.39999966 0 P 0
L 52.55000158 64.93999966 53.44999978 64.93999966 0 P 0
L 52.55000158 67.47999966 53.44999978 67.47999966 0 P 0
L 52.55000158 70.01999966 53.44999978 70.01999966 0 P 0
L 52.55000158 72.55999966 53.44999978 72.55999966 0 P 0
L 52.55000158 75.09999966 53.44999978 75.09999966 0 P 0
L 52.82550014 5.00000016 53.71450014 5.00000016 0 P 0
L 52.90000088 91.94440082 52.90000088 92.65560082 0 P 0
L 53.00000068 56.87000056 53.00000068 57.76999876 0 P 0
L 53.00000068 59.41000056 53.00000068 60.30999876 0 P 0
L 53.00000068 61.95000056 53.00000068 62.84999876 0 P 0
L 53.00000068 64.49000056 53.00000068 65.38999876 0 P 0
L 53.00000068 67.03000056 53.00000068 67.92999876 0 P 0
L 53.00000068 69.57000056 53.00000068 70.46999876 0 P 0
L 53.00000068 72.11000056 53.00000068 73.00999876 0 P 0
L 53.00000068 74.65000056 53.00000068 75.54999876 0 P 0
L 53.1589996 115.00000114 53.9209996 115.00000114 0 P 0
L 53.27000014 4.55550016 53.27000014 5.44450016 0 P 0
L 53.5399996 114.61900114 53.5399996 115.38100114 0 P 0
L 54.54439942 42.60000116 55.25559942 42.60000116 0 P 0
L 54.89999942 42.24440116 54.89999942 42.95560116 0 P 0
L 56.3444009 61.09999972 57.0556009 61.09999972 0 P 0
L 56.7000009 60.74439972 56.7000009 61.45559972 0 P 0
L 58.00000084 5.00000016 61.99999792 5.00000016 0 P 0
L 58.00000084 115.00000114 61.99999792 115.00000114 0 P 0
L 59.64439938 82.6999997 60.35559938 82.6999997 0 P 0
L 59.99999938 3.00000162 59.99999938 6.9999987 0 P 0
L 59.99999938 82.3443997 59.99999938 83.0555997 0 P 0
L 59.99999938 113.0000026 59.99999938 116.99999968 0 P 0
L 60.17000158 57.31999966 61.06999978 57.31999966 0 P 0
L 60.17000158 59.85999966 61.06999978 59.85999966 0 P 0
L 60.17000158 62.39999966 61.06999978 62.39999966 0 P 0
L 60.17000158 64.93999966 61.06999978 64.93999966 0 P 0
L 60.17000158 67.47999966 61.06999978 67.47999966 0 P 0
L 60.17000158 70.01999966 61.06999978 70.01999966 0 P 0
L 60.17000158 72.55999966 61.06999978 72.55999966 0 P 0
L 60.17000158 75.09999966 61.06999978 75.09999966 0 P 0
L 60.62000068 56.87000056 60.62000068 57.76999876 0 P 0
L 60.62000068 59.41000056 60.62000068 60.30999876 0 P 0
L 60.62000068 61.95000056 60.62000068 62.84999876 0 P 0
L 60.62000068 64.49000056 60.62000068 65.38999876 0 P 0
L 60.62000068 67.03000056 60.62000068 67.92999876 0 P 0
L 60.62000068 69.57000056 60.62000068 70.46999876 0 P 0
L 60.62000068 72.11000056 60.62000068 73.00999876 0 P 0
L 60.62000068 74.65000056 60.62000068 75.54999876 0 P 0
L 64.24440034 107.4000011 64.95560034 107.4000011 0 P 0
L 64.60000034 107.0444011 64.60000034 107.7556011 0 P 0
L 66.07899916 5.00000016 66.84099916 5.00000016 0 P 0
L 66.28550116 115.00000114 67.17450116 115.00000114 0 P 0
L 66.34439868 11.99999886 67.05559868 11.99999886 0 P 0
L 66.45999916 4.61900016 66.45999916 5.38100016 0 P 0
L 66.69999868 11.64439886 66.69999868 12.35559886 0 P 0
L 66.73000116 114.55550114 66.73000116 115.44450114 0 P 0
L 67.44439902 105.40000002 68.15559902 105.40000002 0 P 0
L 67.79999902 105.04440002 67.79999902 105.75560002 0 P 0
L 68.61899916 5.00000016 69.38099916 5.00000016 0 P 0
L 68.69830304 57.11390152 69.40950304 57.11390152 0 P 0
L 68.82550116 115.00000114 69.71450116 115.00000114 0 P 0
L 68.99999916 4.61900016 68.99999916 5.38100016 0 P 0
L 69.05390304 56.75830152 69.05390304 57.46950152 0 P 0
L 69.27000116 114.55550114 69.27000116 115.44450114 0 P 0
L 70.74440004 12.9999994 71.45560004 12.9999994 0 P 0
L 71.10000004 12.6443994 71.10000004 13.3555994 0 P 0
L 71.34439884 85.09999998 72.05559884 85.09999998 0 P 0
L 71.69999884 84.74439998 71.69999884 85.45559998 0 P 0
L 74.54440006 28.70000102 75.25560006 28.70000102 0 P 0
L 74.90000006 28.34440102 74.90000006 29.05560102 0 P 0
L 76.75000144 59.10000118 77.84999924 59.10000118 0 P 0
L 76.75000144 61.64000118 77.84999924 61.64000118 0 P 0
L 77.30000034 58.55000228 77.30000034 59.65000008 0 P 0
L 77.30000034 61.09000228 77.30000034 62.19000008 0 P 0
L 79.29000144 59.10000118 80.38999924 59.10000118 0 P 0
L 79.29000144 61.64000118 80.38999924 61.64000118 0 P 0
L 79.84000034 58.55000228 79.84000034 59.65000008 0 P 0
L 79.84000034 61.09000228 79.84000034 62.19000008 0 P 0
L 80.94439996 11.00000086 81.65559996 11.00000086 0 P 0
L 81.24439936 21.79999958 81.95559936 21.79999958 0 P 0
L 81.29999996 10.64440086 81.29999996 11.35560086 0 P 0
L 81.59999936 21.44439958 81.59999936 22.15559958 0 P 0
L 81.83000144 59.10000118 82.92999924 59.10000118 0 P 0
L 81.83000144 61.64000118 82.92999924 61.64000118 0 P 0
L 82.3443997 108.70000104 83.0555997 108.70000104 0 P 0
L 82.38000034 58.55000228 82.38000034 59.65000008 0 P 0
L 82.38000034 61.09000228 82.38000034 62.19000008 0 P 0
L 82.6999997 108.34440104 82.6999997 109.05560104 0 P 0
L 84.37000144 59.10000118 85.46999924 59.10000118 0 P 0
L 84.37000144 61.64000118 85.46999924 61.64000118 0 P 0
L 84.92000034 58.55000228 84.92000034 59.65000008 0 P 0
L 84.92000034 61.09000228 84.92000034 62.19000008 0 P 0
L 86.24440206 22.30000112 86.95560206 22.30000112 0 P 0
L 86.60000206 21.94440112 86.60000206 22.65560112 0 P 0
L 86.91000144 59.10000118 88.00999924 59.10000118 0 P 0
L 86.91000144 61.64000118 88.00999924 61.64000118 0 P 0
L 87.46000034 58.55000228 87.46000034 59.65000008 0 P 0
L 87.46000034 61.09000228 87.46000034 62.19000008 0 P 0
L 87.55000016 75.9000006 88.24999876 75.9000006 0 P 0
L 87.55000016 78.40001084 88.24999876 78.40001084 0 P 0
L 87.89999946 75.5500013 87.89999946 76.2499999 0 P 0
L 87.89999946 78.05001154 87.89999946 78.75001014 0 P 0
L 88.8443994 98.90000032 89.5555994 98.90000032 0 P 0
L 89.1999994 98.54440032 89.1999994 99.25560032 0 P 0
L 89.45000144 59.10000118 90.54999924 59.10000118 0 P 0
L 89.45000144 61.64000118 90.54999924 61.64000118 0 P 0
L 90.00000034 58.55000228 90.00000034 59.65000008 0 P 0
L 90.00000034 61.09000228 90.00000034 62.19000008 0 P 0
L 90.04439954 18.5000011 90.75559954 18.5000011 0 P 0
L 90.39999954 18.1444011 90.39999954 18.8556011 0 P 0
L 91.54439908 83.99999964 92.25559908 83.99999964 0 P 0
L 91.86900092 105.54999972 92.63100092 105.54999972 0 P 0
L 91.89999908 83.64439964 91.89999908 84.35559964 0 P 0
L 91.9074743 14.55197496 92.7964743 14.55197496 0 P 0
L 91.99000144 59.10000118 93.08999924 59.10000118 0 P 0
L 91.99000144 61.64000118 93.08999924 61.64000118 0 P 0
L 92.25000092 105.16899972 92.25000092 105.93099972 0 P 0
L 92.3519743 14.10747496 92.3519743 14.99647496 0 P 0
L 92.54000034 58.55000228 92.54000034 59.65000008 0 P 0
L 92.54000034 61.09000228 92.54000034 62.19000008 0 P 0
L 93.14440096 69.09999896 93.85560096 69.09999896 0 P 0
L 93.50000096 68.74439896 93.50000096 69.45559896 0 P 0
L 93.6650527 103.75394794 94.4270527 103.75394794 0 P 0
L 93.70352354 16.3480242 94.59252354 16.3480242 0 P 0
L 94.0460527 103.37294794 94.0460527 104.13494794 0 P 0
L 94.14802354 15.9035242 94.14802354 16.7925242 0 P 0
L 94.53000144 59.10000118 95.62999924 59.10000118 0 P 0
L 94.53000144 61.64000118 95.62999924 61.64000118 0 P 0
L 94.72440034 55.42000092 95.43560034 55.42000092 0 P 0
L 95.08000034 55.06440092 95.08000034 55.77560092 0 P 0
L 95.08000034 58.55000228 95.08000034 59.65000008 0 P 0
L 95.08000034 61.09000228 95.08000034 62.19000008 0 P 0
L 96.04440024 90.59999914 96.75560024 90.59999914 0 P 0
L 96.40000024 90.24439914 96.40000024 90.95559914 0 P 0
L 96.90000178 21.10000098 100.89999886 21.10000098 0 P 0
L 96.90000178 98.90000032 100.89999886 98.90000032 0 P 0
L 97.07000144 59.10000118 98.16999924 59.10000118 0 P 0
L 97.07000144 61.64000118 98.16999924 61.64000118 0 P 0
L 97.32499966 75.9000006 98.0750007 75.9000006 0 P 0
L 97.32499966 86.0600006 98.0750007 86.0600006 0 P 0
L 97.62000034 58.55000228 97.62000034 59.65000008 0 P 0
L 97.62000034 61.09000228 97.62000034 62.19000008 0 P 0
L 97.70000018 75.52500008 97.70000018 76.27500112 0 P 0
L 97.70000018 85.68500008 97.70000018 86.43500112 0 P 0
L 98.90000032 19.10000244 98.90000032 23.09999952 0 P 0
L 98.90000032 96.90000178 98.90000032 100.89999886 0 P 0
L 99.61000144 59.10000118 100.70999924 59.10000118 0 P 0
L 99.61000144 61.64000118 100.70999924 61.64000118 0 P 0
L 100.16000034 58.55000228 100.16000034 59.65000008 0 P 0
L 100.16000034 61.09000228 100.16000034 62.19000008 0 P 0
L 102.04440094 68.20000076 102.75560094 68.20000076 0 P 0
L 102.15000144 59.10000118 103.24999924 59.10000118 0 P 0
L 102.15000144 61.64000118 103.24999924 61.64000118 0 P 0
L 102.40000094 67.84440076 102.40000094 68.55560076 0 P 0
L 102.70000034 58.55000228 102.70000034 59.65000008 0 P 0
L 102.70000034 61.09000228 102.70000034 62.19000008 0 P 0
L 103.20747456 94.14802354 104.09647456 94.14802354 0 P 0
L 103.37294794 25.9539486 104.13494794 25.9539486 0 P 0
L 103.65197456 93.70352354 103.65197456 94.59252354 0 P 0
L 103.75394794 25.5729486 103.75394794 26.3349486 0 P 0
L 104.69000144 59.10000118 105.78999924 59.10000118 0 P 0
L 104.69000144 61.64000118 105.78999924 61.64000118 0 P 0
L 105.0035238 92.3519743 105.8925238 92.3519743 0 P 0
L 105.16899972 27.75000038 105.93099972 27.75000038 0 P 0
L 105.24000034 58.55000228 105.24000034 59.65000008 0 P 0
L 105.24000034 61.09000228 105.24000034 62.19000008 0 P 0
L 105.4480238 91.9074743 105.4480238 92.7964743 0 P 0
L 105.54999972 27.36900038 105.54999972 28.13100038 0 P 0
L 106.58499892 81.26499876 107.33499996 81.26499876 0 P 0
L 106.95999944 80.88999824 106.95999944 81.63999928 0 P 0
L 108.84440004 29.39999962 109.55560004 29.39999962 0 P 0
L 109.04439964 65.60000088 109.75559964 65.60000088 0 P 0
L 109.12499892 78.72499876 109.87499996 78.72499876 0 P 0
L 109.14439944 53.59999948 109.85559944 53.59999948 0 P 0
L 109.20000004 29.04439962 109.20000004 29.75559962 0 P 0
L 109.39999964 65.24440088 109.39999964 65.95560088 0 P 0
L 109.49999944 53.24439948 109.49999944 53.95559948 0 P 0
L 109.49999944 78.34999824 109.49999944 79.09999928 0 P 0
L 111.66499892 81.26499876 112.41499996 81.26499876 0 P 0
L 112.03999944 80.88999824 112.03999944 81.63999928 0 P 0
L 113.0000026 59.99999938 116.99999968 59.99999938 0 P 0
L 113.800001 74.99999986 114.799999 74.99999986 0 P 0
L 114.3 74.50000086 114.3 75.49999886 0 P 0
L 114.55550114 50.73000014 115.44450114 50.73000014 0 P 0
L 114.55550114 53.27000014 115.44450114 53.27000014 0 P 0
L 114.61900114 66.45999916 115.38100114 66.45999916 0 P 0
L 114.61900114 68.99999916 115.38100114 68.99999916 0 P 0
L 115.00000114 50.28550014 115.00000114 51.17450014 0 P 0
L 115.00000114 52.82550014 115.00000114 53.71450014 0 P 0
L 115.00000114 58.00000084 115.00000114 61.99999792 0 P 0
L 115.00000114 66.07899916 115.00000114 66.84099916 0 P 0
L 115.00000114 68.61899916 115.00000114 69.38099916 0 P 0
