UNITS=MM
#Layer_Color=6321
#
#Feature symbol names
#
$0 r127
$1 r169.33164
$2 r101.6

#
#Feature attribute names
#

#
#Layer features
#
A 5.50800016 50.9999996 5.50800016 50.9999996 5.00000016 50.9999996 1 P 0 N
A 5.50800016 53.5399996 5.50800016 53.5399996 5.00000016 53.5399996 1 P 0 N
A 14.95799904 92.25000092 14.95799904 92.25000092 14.44999904 92.25000092 1 P 0 N
A 16.75405082 94.0460527 16.75405082 94.0460527 16.24605082 94.0460527 1 P 0 N
A 26.4619486 16.24605082 26.4619486 16.24605082 25.9539486 16.24605082 1 P 0 N
A 28.25800038 14.44999904 28.25800038 14.44999904 27.75000038 14.44999904 1 P 0 N
A 51.5079996 115.00000114 51.5079996 115.00000114 50.9999996 115.00000114 1 P 0 N
A 54.0479996 115.00000114 54.0479996 115.00000114 53.5399996 115.00000114 1 P 0 N
A 66.96799916 5.00000016 66.96799916 5.00000016 66.45999916 5.00000016 1 P 0 N
A 69.50799916 5.00000016 69.50799916 5.00000016 68.99999916 5.00000016 1 P 0 N
A 88.20479946 75.9000006 88.20479946 75.9000006 87.89999946 75.9000006 2 P 0 N
A 88.20479946 78.40001084 88.20479946 78.40001084 87.89999946 78.40001084 2 P 0 N
A 88.40799946 75.9000006 88.40799946 75.9000006 87.89999946 75.9000006 1 P 0 N
A 88.40799946 78.40001084 88.40799946 78.40001084 87.89999946 78.40001084 1 P 0 N
A 92.75800092 105.54999972 92.75800092 105.54999972 92.25000092 105.54999972 1 P 0 N
A 94.5540527 103.75394794 94.5540527 103.75394794 94.0460527 103.75394794 1 P 0 N
A 104.26194794 25.9539486 104.26194794 25.9539486 103.75394794 25.9539486 1 P 0 N
A 106.05799972 27.75000038 106.05799972 27.75000038 105.54999972 27.75000038 1 P 0 N
A 115.50800114 66.45999916 115.50800114 66.45999916 115.00000114 66.45999916 1 P 0 N
A 115.50800114 68.99999916 115.50800114 68.99999916 115.00000114 68.99999916 1 P 0 N
L 4.49200016 59.99999938 5.00000016 59.49199938 0 P 0
L 4.49200016 59.99999938 5.00000016 60.50799938 0 P 0
L 4.49200016 66.22200116 4.49200016 67.23800116 0 P 0
L 4.49200016 66.22200116 5.50800016 66.22200116 0 P 0
L 4.49200016 67.23800116 5.50800016 67.23800116 0 P 0
L 4.49200016 68.76200116 4.49200016 69.77800116 0 P 0
L 4.49200016 68.76200116 5.50800016 68.76200116 0 P 0
L 4.49200016 69.77800116 5.50800016 69.77800116 0 P 0
L 5.00000016 59.49199938 5.50800016 59.99999938 0 P 0
L 5.00000016 60.50799938 5.50800016 59.99999938 0 P 0
L 5.50800016 66.22200116 5.50800016 67.23800116 0 P 0
L 5.50800016 68.76200116 5.50800016 69.77800116 0 P 0
L 10.89200006 52.79200008 10.89200006 53.80800008 0 P 0
L 10.89200006 52.79200008 11.90800006 52.79200008 0 P 0
L 10.89200006 53.80800008 11.90800006 53.80800008 0 P 0
L 11.09520006 52.99520008 11.09520006 53.60480008 0 P 0
L 11.09520006 52.99520008 11.70480006 52.99520008 0 P 0
L 11.09520006 53.60480008 11.70480006 53.60480008 0 P 0
L 11.70480006 52.99520008 11.70480006 53.60480008 0 P 0
L 11.90800006 52.79200008 11.90800006 53.80800008 0 P 0
L 14.0439775 27.14002446 14.0439775 28.15602446 0 P 0
L 14.0439775 27.14002446 15.0599775 27.14002446 0 P 0
L 14.0439775 28.15602446 15.0599775 28.15602446 0 P 0
L 14.09199874 67.29199902 14.09199874 68.30799902 0 P 0
L 14.09199874 67.29199902 15.10799874 67.29199902 0 P 0
L 14.09199874 68.30799902 15.10799874 68.30799902 0 P 0
L 14.29519874 67.49519902 14.29519874 68.10479902 0 P 0
L 14.29519874 67.49519902 14.90479874 67.49519902 0 P 0
L 14.29519874 68.10479902 14.90479874 68.10479902 0 P 0
L 14.90479874 67.49519902 14.90479874 68.10479902 0 P 0
L 15.0599775 27.14002446 15.0599775 28.15602446 0 P 0
L 15.10799874 67.29199902 15.10799874 68.30799902 0 P 0
L 15.84002166 25.34397522 15.84002166 26.35997522 0 P 0
L 15.84002166 25.34397522 16.85602166 25.34397522 0 P 0
L 15.84002166 26.35997522 16.85602166 26.35997522 0 P 0
L 16.85602166 25.34397522 16.85602166 26.35997522 0 P 0
L 18.7919995 85.29200112 18.7919995 86.30800112 0 P 0
L 18.7919995 85.29200112 19.8079995 85.29200112 0 P 0
L 18.7919995 86.30800112 19.8079995 86.30800112 0 P 0
L 18.9951995 85.49520112 18.9951995 86.10480112 0 P 0
L 18.9951995 85.49520112 19.6047995 85.49520112 0 P 0
L 18.9951995 86.10480112 19.6047995 86.10480112 0 P 0
L 19.6047995 85.49520112 19.6047995 86.10480112 0 P 0
L 19.8079995 85.29200112 19.8079995 86.30800112 0 P 0
L 20.59200098 21.10000098 21.10000098 20.59200098 0 P 0
L 20.59200098 21.10000098 21.10000098 21.60800098 0 P 0
L 20.59200098 98.90000032 21.10000098 98.39200032 0 P 0
L 20.59200098 98.90000032 21.10000098 99.40800032 0 P 0
L 21.10000098 20.59200098 21.60800098 21.10000098 0 P 0
L 21.10000098 21.60800098 21.60800098 21.10000098 0 P 0
L 21.10000098 98.39200032 21.60800098 98.90000032 0 P 0
L 21.10000098 99.40800032 21.60800098 98.90000032 0 P 0
L 21.59199898 66.89199982 21.59199898 67.90799982 0 P 0
L 21.59199898 66.89199982 22.60799898 66.89199982 0 P 0
L 21.59199898 67.90799982 22.60799898 67.90799982 0 P 0
L 21.79200112 32.89199924 21.79200112 33.90799924 0 P 0
L 21.79200112 32.89199924 22.80800112 32.89199924 0 P 0
L 21.79200112 33.90799924 22.80800112 33.90799924 0 P 0
L 21.79519898 67.09519982 21.79519898 67.70479982 0 P 0
L 21.79519898 67.09519982 22.40479898 67.09519982 0 P 0
L 21.79519898 67.70479982 22.40479898 67.70479982 0 P 0
L 21.99520112 33.09519924 21.99520112 33.70479924 0 P 0
L 21.99520112 33.09519924 22.60480112 33.09519924 0 P 0
L 21.99520112 33.70479924 22.60480112 33.70479924 0 P 0
L 22.40479898 67.09519982 22.40479898 67.70479982 0 P 0
L 22.60480112 33.09519924 22.60480112 33.70479924 0 P 0
L 22.60799898 66.89199982 22.60799898 67.90799982 0 P 0
L 22.80800112 32.89199924 22.80800112 33.90799924 0 P 0
L 24.4920008 28.19200102 24.4920008 29.20800102 0 P 0
L 24.4920008 28.19200102 25.5080008 28.19200102 0 P 0
L 24.4920008 29.20800102 25.5080008 29.20800102 0 P 0
L 24.6952008 28.39520102 24.6952008 29.00480102 0 P 0
L 24.6952008 28.39520102 25.3048008 28.39520102 0 P 0
L 24.6952008 29.00480102 25.3048008 29.00480102 0 P 0
L 25.3048008 28.39520102 25.3048008 29.00480102 0 P 0
L 25.34397522 103.14397456 25.34397522 104.15997456 0 P 0
L 25.34397522 103.14397456 26.35997522 103.14397456 0 P 0
L 25.34397522 104.15997456 26.35997522 104.15997456 0 P 0
L 25.5080008 28.19200102 25.5080008 29.20800102 0 P 0
L 26.35997522 103.14397456 26.35997522 104.15997456 0 P 0
L 27.14002446 104.9400238 27.14002446 105.9560238 0 P 0
L 27.14002446 104.9400238 28.15602446 104.9400238 0 P 0
L 27.14002446 105.9560238 28.15602446 105.9560238 0 P 0
L 27.19200048 42.89199956 27.19200048 43.90799956 0 P 0
L 27.19200048 42.89199956 28.20800048 42.89199956 0 P 0
L 27.19200048 43.90799956 28.20800048 43.90799956 0 P 0
L 27.39520048 43.09519956 27.39520048 43.70479956 0 P 0
L 27.39520048 43.09519956 28.00480048 43.09519956 0 P 0
L 27.39520048 43.70479956 28.00480048 43.70479956 0 P 0
L 27.69199948 30.6920011 27.69199948 31.7080011 0 P 0
L 27.69199948 30.6920011 28.70799948 30.6920011 0 P 0
L 27.69199948 31.7080011 28.70799948 31.7080011 0 P 0
L 27.89199908 95.59200084 27.89199908 96.60800084 0 P 0
L 27.89199908 95.59200084 28.90799908 95.59200084 0 P 0
L 27.89199908 96.60800084 28.90799908 96.60800084 0 P 0
L 27.89519948 30.8952011 27.89519948 31.5048011 0 P 0
L 27.89519948 30.8952011 28.50479948 30.8952011 0 P 0
L 27.89519948 31.5048011 28.50479948 31.5048011 0 P 0
L 28.00480048 43.09519956 28.00480048 43.70479956 0 P 0
L 28.09519908 95.79520084 28.09519908 96.40480084 0 P 0
L 28.09519908 95.79520084 28.70479908 95.79520084 0 P 0
L 28.09519908 96.40480084 28.70479908 96.40480084 0 P 0
L 28.15602446 104.9400238 28.15602446 105.9560238 0 P 0
L 28.20800048 42.89199956 28.20800048 43.90799956 0 P 0
L 28.50479948 30.8952011 28.50479948 31.5048011 0 P 0
L 28.70479908 95.79520084 28.70479908 96.40480084 0 P 0
L 28.70799948 30.6920011 28.70799948 31.7080011 0 P 0
L 28.90799908 95.59200084 28.90799908 96.60800084 0 P 0
L 32.89199924 97.19200018 32.89199924 98.20800018 0 P 0
L 32.89199924 97.19200018 33.90799924 97.19200018 0 P 0
L 32.89199924 98.20800018 33.90799924 98.20800018 0 P 0
L 33.09519924 97.39520018 33.09519924 98.00480018 0 P 0
L 33.09519924 97.39520018 33.70479924 97.39520018 0 P 0
L 33.09519924 98.00480018 33.70479924 98.00480018 0 P 0
L 33.70479924 97.39520018 33.70479924 98.00480018 0 P 0
L 33.90799924 97.19200018 33.90799924 98.20800018 0 P 0
L 36.59199946 56.82600014 36.84599946 56.82600014 0 P 0
L 36.59199946 56.82600014 36.84599946 57.08000014 0 P 0
L 36.59199946 57.33400014 36.84599946 57.08000014 0 P 0
L 36.59199946 57.33400014 36.84599946 57.33400014 0 P 0
L 36.59199946 59.36600014 36.84599946 59.36600014 0 P 0
L 36.59199946 59.36600014 36.84599946 59.62000014 0 P 0
L 36.59199946 59.87400014 36.84599946 59.62000014 0 P 0
L 36.59199946 59.87400014 36.84599946 59.87400014 0 P 0
L 36.59199946 61.90600014 36.84599946 61.90600014 0 P 0
L 36.59199946 61.90600014 36.84599946 62.16000014 0 P 0
L 36.59199946 62.41400014 36.84599946 62.16000014 0 P 0
L 36.59199946 62.41400014 36.84599946 62.41400014 0 P 0
L 36.59199946 64.44600014 36.84599946 64.44600014 0 P 0
L 36.59199946 64.44600014 36.84599946 64.70000014 0 P 0
L 36.59199946 64.95400014 36.84599946 64.70000014 0 P 0
L 36.59199946 64.95400014 36.84599946 64.95400014 0 P 0
L 36.59199946 66.98600014 36.84599946 66.98600014 0 P 0
L 36.59199946 66.98600014 36.84599946 67.24000014 0 P 0
L 36.59199946 67.49400014 36.84599946 67.24000014 0 P 0
L 36.59199946 67.49400014 36.84599946 67.49400014 0 P 0
L 36.59199946 69.52600014 36.84599946 69.52600014 0 P 0
L 36.59199946 69.52600014 36.84599946 69.78000014 0 P 0
L 36.59199946 70.03400014 36.84599946 69.78000014 0 P 0
L 36.59199946 70.03400014 36.84599946 70.03400014 0 P 0
L 36.59199946 72.06600014 36.84599946 72.06600014 0 P 0
L 36.59199946 72.06600014 36.84599946 72.32000014 0 P 0
L 36.59199946 72.57400014 36.84599946 72.32000014 0 P 0
L 36.59199946 72.57400014 36.84599946 72.57400014 0 P 0
L 36.59199946 74.60600014 36.84599946 74.60600014 0 P 0
L 36.59199946 74.60600014 36.84599946 74.86000014 0 P 0
L 36.59199946 75.11400014 36.84599946 74.86000014 0 P 0
L 36.59199946 75.11400014 36.84599946 75.11400014 0 P 0
L 36.79199906 108.59200024 36.79199906 109.60800024 0 P 0
L 36.79199906 108.59200024 37.80799906 108.59200024 0 P 0
L 36.79199906 109.60800024 37.80799906 109.60800024 0 P 0
L 36.84599946 56.82600014 37.09999946 56.57200014 0 P 0
L 36.84599946 57.33400014 37.09999946 57.58800014 0 P 0
L 36.84599946 59.36600014 37.09999946 59.11200014 0 P 0
L 36.84599946 59.87400014 37.09999946 60.12800014 0 P 0
L 36.84599946 61.90600014 37.09999946 61.65200014 0 P 0
L 36.84599946 62.41400014 37.09999946 62.66800014 0 P 0
L 36.84599946 64.44600014 37.09999946 64.19200014 0 P 0
L 36.84599946 64.95400014 37.09999946 65.20800014 0 P 0
L 36.84599946 66.98600014 37.09999946 66.73200014 0 P 0
L 36.84599946 67.49400014 37.09999946 67.74800014 0 P 0
L 36.84599946 69.52600014 37.09999946 69.27200014 0 P 0
L 36.84599946 70.03400014 37.09999946 70.28800014 0 P 0
L 36.84599946 72.06600014 37.09999946 71.81200014 0 P 0
L 36.84599946 72.57400014 37.09999946 72.82800014 0 P 0
L 36.84599946 74.60600014 37.09999946 74.35200014 0 P 0
L 36.84599946 75.11400014 37.09999946 75.36800014 0 P 0
L 36.99519906 108.79520024 36.99519906 109.40480024 0 P 0
L 36.99519906 108.79520024 37.60479906 108.79520024 0 P 0
L 36.99519906 109.40480024 37.60479906 109.40480024 0 P 0
L 37.09999946 56.57200014 37.35399946 56.82600014 0 P 0
L 37.09999946 57.58800014 37.35399946 57.33400014 0 P 0
L 37.09999946 59.11200014 37.35399946 59.36600014 0 P 0
L 37.09999946 60.12800014 37.35399946 59.87400014 0 P 0
L 37.09999946 61.65200014 37.35399946 61.90600014 0 P 0
L 37.09999946 62.66800014 37.35399946 62.41400014 0 P 0
L 37.09999946 64.19200014 37.35399946 64.44600014 0 P 0
L 37.09999946 65.20800014 37.35399946 64.95400014 0 P 0
L 37.09999946 66.73200014 37.35399946 66.98600014 0 P 0
L 37.09999946 67.74800014 37.35399946 67.49400014 0 P 0
L 37.09999946 69.27200014 37.35399946 69.52600014 0 P 0
L 37.09999946 70.28800014 37.35399946 70.03400014 0 P 0
L 37.09999946 71.81200014 37.35399946 72.06600014 0 P 0
L 37.09999946 72.82800014 37.35399946 72.57400014 0 P 0
L 37.09999946 74.35200014 37.35399946 74.60600014 0 P 0
L 37.09999946 75.36800014 37.35399946 75.11400014 0 P 0
L 37.35399946 56.82600014 37.60799946 56.82600014 0 P 0
L 37.35399946 57.08000014 37.60799946 56.82600014 0 P 0
L 37.35399946 57.08000014 37.60799946 57.33400014 0 P 0
L 37.35399946 57.33400014 37.60799946 57.33400014 0 P 0
L 37.35399946 59.36600014 37.60799946 59.36600014 0 P 0
L 37.35399946 59.62000014 37.60799946 59.36600014 0 P 0
L 37.35399946 59.62000014 37.60799946 59.87400014 0 P 0
L 37.35399946 59.87400014 37.60799946 59.87400014 0 P 0
L 37.35399946 61.90600014 37.60799946 61.90600014 0 P 0
L 37.35399946 62.16000014 37.60799946 61.90600014 0 P 0
L 37.35399946 62.16000014 37.60799946 62.41400014 0 P 0
L 37.35399946 62.41400014 37.60799946 62.41400014 0 P 0
L 37.35399946 64.44600014 37.60799946 64.44600014 0 P 0
L 37.35399946 64.70000014 37.60799946 64.44600014 0 P 0
L 37.35399946 64.70000014 37.60799946 64.95400014 0 P 0
L 37.35399946 64.95400014 37.60799946 64.95400014 0 P 0
L 37.35399946 66.98600014 37.60799946 66.98600014 0 P 0
L 37.35399946 67.24000014 37.60799946 66.98600014 0 P 0
L 37.35399946 67.24000014 37.60799946 67.49400014 0 P 0
L 37.35399946 67.49400014 37.60799946 67.49400014 0 P 0
L 37.35399946 69.52600014 37.60799946 69.52600014 0 P 0
L 37.35399946 69.78000014 37.60799946 69.52600014 0 P 0
L 37.35399946 69.78000014 37.60799946 70.03400014 0 P 0
L 37.35399946 70.03400014 37.60799946 70.03400014 0 P 0
L 37.35399946 72.06600014 37.60799946 72.06600014 0 P 0
L 37.35399946 72.32000014 37.60799946 72.06600014 0 P 0
L 37.35399946 72.32000014 37.60799946 72.57400014 0 P 0
L 37.35399946 72.57400014 37.60799946 72.57400014 0 P 0
L 37.35399946 74.60600014 37.60799946 74.60600014 0 P 0
L 37.35399946 74.86000014 37.60799946 74.60600014 0 P 0
L 37.35399946 74.86000014 37.60799946 75.11400014 0 P 0
L 37.35399946 75.11400014 37.60799946 75.11400014 0 P 0
L 37.60479906 108.79520024 37.60479906 109.40480024 0 P 0
L 37.80799906 108.59200024 37.80799906 109.60800024 0 P 0
L 40.29199968 88.6919994 40.29199968 89.7079994 0 P 0
L 40.29199968 88.6919994 41.30799968 88.6919994 0 P 0
L 40.29199968 89.7079994 41.30799968 89.7079994 0 P 0
L 40.49519968 88.8951994 40.49519968 89.5047994 0 P 0
L 40.49519968 88.8951994 41.10479968 88.8951994 0 P 0
L 40.49519968 89.5047994 41.10479968 89.5047994 0 P 0
L 41.10479968 88.8951994 41.10479968 89.5047994 0 P 0
L 41.30799968 88.6919994 41.30799968 89.7079994 0 P 0
L 42.69199996 35.79200106 42.69199996 36.80800106 0 P 0
L 42.69199996 35.79200106 43.70799996 35.79200106 0 P 0
L 42.69199996 36.80800106 43.70799996 36.80800106 0 P 0
L 42.89519996 35.99520106 42.89519996 36.60480106 0 P 0
L 42.89519996 35.99520106 43.50479996 35.99520106 0 P 0
L 42.89519996 36.60480106 43.50479996 36.60480106 0 P 0
L 43.50479996 35.99520106 43.50479996 36.60480106 0 P 0
L 43.5920007 20.59200098 43.5920007 21.60800098 0 P 0
L 43.5920007 20.59200098 44.6080007 20.59200098 0 P 0
L 43.5920007 21.60800098 44.6080007 21.60800098 0 P 0
L 43.5920007 80.09199882 43.5920007 81.10799882 0 P 0
L 43.5920007 80.09199882 44.6080007 80.09199882 0 P 0
L 43.5920007 81.10799882 44.6080007 81.10799882 0 P 0
L 43.70799996 35.79200106 43.70799996 36.80800106 0 P 0
L 43.7952007 20.79520098 43.7952007 21.40480098 0 P 0
L 43.7952007 20.79520098 44.4048007 20.79520098 0 P 0
L 43.7952007 21.40480098 44.4048007 21.40480098 0 P 0
L 43.7952007 80.29519882 43.7952007 80.90479882 0 P 0
L 43.7952007 80.29519882 44.4048007 80.29519882 0 P 0
L 43.7952007 80.90479882 44.4048007 80.90479882 0 P 0
L 44.21199946 56.82600014 44.46599946 56.82600014 0 P 0
L 44.21199946 56.82600014 44.46599946 57.08000014 0 P 0
L 44.21199946 57.33400014 44.46599946 57.08000014 0 P 0
L 44.21199946 57.33400014 44.46599946 57.33400014 0 P 0
L 44.21199946 59.36600014 44.46599946 59.36600014 0 P 0
L 44.21199946 59.36600014 44.46599946 59.62000014 0 P 0
L 44.21199946 59.87400014 44.46599946 59.62000014 0 P 0
L 44.21199946 59.87400014 44.46599946 59.87400014 0 P 0
L 44.21199946 61.90600014 44.46599946 61.90600014 0 P 0
L 44.21199946 61.90600014 44.46599946 62.16000014 0 P 0
L 44.21199946 62.41400014 44.46599946 62.16000014 0 P 0
L 44.21199946 62.41400014 44.46599946 62.41400014 0 P 0
L 44.21199946 64.44600014 44.46599946 64.44600014 0 P 0
L 44.21199946 64.44600014 44.46599946 64.70000014 0 P 0
L 44.21199946 64.95400014 44.46599946 64.70000014 0 P 0
L 44.21199946 64.95400014 44.46599946 64.95400014 0 P 0
L 44.21199946 66.98600014 44.46599946 66.98600014 0 P 0
L 44.21199946 66.98600014 44.46599946 67.24000014 0 P 0
L 44.21199946 67.49400014 44.46599946 67.24000014 0 P 0
L 44.21199946 67.49400014 44.46599946 67.49400014 0 P 0
L 44.21199946 69.52600014 44.46599946 69.52600014 0 P 0
L 44.21199946 69.52600014 44.46599946 69.78000014 0 P 0
L 44.21199946 70.03400014 44.46599946 69.78000014 0 P 0
L 44.21199946 70.03400014 44.46599946 70.03400014 0 P 0
L 44.21199946 72.06600014 44.46599946 72.06600014 0 P 0
L 44.21199946 72.06600014 44.46599946 72.32000014 0 P 0
L 44.21199946 72.57400014 44.46599946 72.32000014 0 P 0
L 44.21199946 72.57400014 44.46599946 72.57400014 0 P 0
L 44.21199946 74.60600014 44.46599946 74.60600014 0 P 0
L 44.21199946 74.60600014 44.46599946 74.86000014 0 P 0
L 44.21199946 75.11400014 44.46599946 74.86000014 0 P 0
L 44.21199946 75.11400014 44.46599946 75.11400014 0 P 0
L 44.4048007 20.79520098 44.4048007 21.40480098 0 P 0
L 44.4048007 80.29519882 44.4048007 80.90479882 0 P 0
L 44.46599946 56.82600014 44.71999946 56.57200014 0 P 0
L 44.46599946 57.33400014 44.71999946 57.58800014 0 P 0
L 44.46599946 59.36600014 44.71999946 59.11200014 0 P 0
L 44.46599946 59.87400014 44.71999946 60.12800014 0 P 0
L 44.46599946 61.90600014 44.71999946 61.65200014 0 P 0
L 44.46599946 62.41400014 44.71999946 62.66800014 0 P 0
L 44.46599946 64.44600014 44.71999946 64.19200014 0 P 0
L 44.46599946 64.95400014 44.71999946 65.20800014 0 P 0
L 44.46599946 66.98600014 44.71999946 66.73200014 0 P 0
L 44.46599946 67.49400014 44.71999946 67.74800014 0 P 0
L 44.46599946 69.52600014 44.71999946 69.27200014 0 P 0
L 44.46599946 70.03400014 44.71999946 70.28800014 0 P 0
L 44.46599946 72.06600014 44.71999946 71.81200014 0 P 0
L 44.46599946 72.57400014 44.71999946 72.82800014 0 P 0
L 44.46599946 74.60600014 44.71999946 74.35200014 0 P 0
L 44.46599946 75.11400014 44.71999946 75.36800014 0 P 0
L 44.6080007 20.59200098 44.6080007 21.60800098 0 P 0
L 44.6080007 80.09199882 44.6080007 81.10799882 0 P 0
L 44.71999946 56.57200014 44.97399946 56.82600014 0 P 0
L 44.71999946 57.58800014 44.97399946 57.33400014 0 P 0
L 44.71999946 59.11200014 44.97399946 59.36600014 0 P 0
L 44.71999946 60.12800014 44.97399946 59.87400014 0 P 0
L 44.71999946 61.65200014 44.97399946 61.90600014 0 P 0
L 44.71999946 62.66800014 44.97399946 62.41400014 0 P 0
L 44.71999946 64.19200014 44.97399946 64.44600014 0 P 0
L 44.71999946 65.20800014 44.97399946 64.95400014 0 P 0
L 44.71999946 66.73200014 44.97399946 66.98600014 0 P 0
L 44.71999946 67.74800014 44.97399946 67.49400014 0 P 0
L 44.71999946 69.27200014 44.97399946 69.52600014 0 P 0
L 44.71999946 70.28800014 44.97399946 70.03400014 0 P 0
L 44.71999946 71.81200014 44.97399946 72.06600014 0 P 0
L 44.71999946 72.82800014 44.97399946 72.57400014 0 P 0
L 44.71999946 74.35200014 44.97399946 74.60600014 0 P 0
L 44.71999946 75.36800014 44.97399946 75.11400014 0 P 0
L 44.97399946 56.82600014 45.22799946 56.82600014 0 P 0
L 44.97399946 57.08000014 45.22799946 56.82600014 0 P 0
L 44.97399946 57.08000014 45.22799946 57.33400014 0 P 0
L 44.97399946 57.33400014 45.22799946 57.33400014 0 P 0
L 44.97399946 59.36600014 45.22799946 59.36600014 0 P 0
L 44.97399946 59.62000014 45.22799946 59.36600014 0 P 0
L 44.97399946 59.62000014 45.22799946 59.87400014 0 P 0
L 44.97399946 59.87400014 45.22799946 59.87400014 0 P 0
L 44.97399946 61.90600014 45.22799946 61.90600014 0 P 0
L 44.97399946 62.16000014 45.22799946 61.90600014 0 P 0
L 44.97399946 62.16000014 45.22799946 62.41400014 0 P 0
L 44.97399946 62.41400014 45.22799946 62.41400014 0 P 0
L 44.97399946 64.44600014 45.22799946 64.44600014 0 P 0
L 44.97399946 64.70000014 45.22799946 64.44600014 0 P 0
L 44.97399946 64.70000014 45.22799946 64.95400014 0 P 0
L 44.97399946 64.95400014 45.22799946 64.95400014 0 P 0
L 44.97399946 66.98600014 45.22799946 66.98600014 0 P 0
L 44.97399946 67.24000014 45.22799946 66.98600014 0 P 0
L 44.97399946 67.24000014 45.22799946 67.49400014 0 P 0
L 44.97399946 67.49400014 45.22799946 67.49400014 0 P 0
L 44.97399946 69.52600014 45.22799946 69.52600014 0 P 0
L 44.97399946 69.78000014 45.22799946 69.52600014 0 P 0
L 44.97399946 69.78000014 45.22799946 70.03400014 0 P 0
L 44.97399946 70.03400014 45.22799946 70.03400014 0 P 0
L 44.97399946 72.06600014 45.22799946 72.06600014 0 P 0
L 44.97399946 72.32000014 45.22799946 72.06600014 0 P 0
L 44.97399946 72.32000014 45.22799946 72.57400014 0 P 0
L 44.97399946 72.57400014 45.22799946 72.57400014 0 P 0
L 44.97399946 74.60600014 45.22799946 74.60600014 0 P 0
L 44.97399946 74.86000014 45.22799946 74.60600014 0 P 0
L 44.97399946 74.86000014 45.22799946 75.11400014 0 P 0
L 44.97399946 75.11400014 45.22799946 75.11400014 0 P 0
L 50.22200014 4.49200016 50.22200014 5.50800016 0 P 0
L 50.22200014 4.49200016 51.23800014 4.49200016 0 P 0
L 50.22200014 5.50800016 51.23800014 5.50800016 0 P 0
L 51.23800014 4.49200016 51.23800014 5.50800016 0 P 0
L 51.69199974 14.09199874 51.69199974 15.10799874 0 P 0
L 51.69199974 14.09199874 52.70799974 14.09199874 0 P 0
L 51.69199974 15.10799874 52.70799974 15.10799874 0 P 0
L 51.89519974 14.29519874 51.89519974 14.90479874 0 P 0
L 51.89519974 14.29519874 52.50479974 14.29519874 0 P 0
L 51.89519974 14.90479874 52.50479974 14.90479874 0 P 0
L 52.39200088 91.79200082 52.39200088 92.80800082 0 P 0
L 52.39200088 91.79200082 53.40800088 91.79200082 0 P 0
L 52.39200088 92.80800082 53.40800088 92.80800082 0 P 0
L 52.49200068 57.06599966 52.74600068 57.06599966 0 P 0
L 52.49200068 57.06599966 52.74600068 57.31999966 0 P 0
L 52.49200068 57.57399966 52.74600068 57.31999966 0 P 0
L 52.49200068 57.57399966 52.74600068 57.57399966 0 P 0
L 52.49200068 59.60599966 52.74600068 59.60599966 0 P 0
L 52.49200068 59.60599966 52.74600068 59.85999966 0 P 0
L 52.49200068 60.11399966 52.74600068 59.85999966 0 P 0
L 52.49200068 60.11399966 52.74600068 60.11399966 0 P 0
L 52.49200068 62.14599966 52.74600068 62.14599966 0 P 0
L 52.49200068 62.14599966 52.74600068 62.39999966 0 P 0
L 52.49200068 62.65399966 52.74600068 62.39999966 0 P 0
L 52.49200068 62.65399966 52.74600068 62.65399966 0 P 0
L 52.49200068 64.68599966 52.74600068 64.68599966 0 P 0
L 52.49200068 64.68599966 52.74600068 64.93999966 0 P 0
L 52.49200068 65.19399966 52.74600068 64.93999966 0 P 0
L 52.49200068 65.19399966 52.74600068 65.19399966 0 P 0
L 52.49200068 67.22599966 52.74600068 67.22599966 0 P 0
L 52.49200068 67.22599966 52.74600068 67.47999966 0 P 0
L 52.49200068 67.73399966 52.74600068 67.47999966 0 P 0
L 52.49200068 67.73399966 52.74600068 67.73399966 0 P 0
L 52.49200068 69.76599966 52.74600068 69.76599966 0 P 0
L 52.49200068 69.76599966 52.74600068 70.01999966 0 P 0
L 52.49200068 70.27399966 52.74600068 70.01999966 0 P 0
L 52.49200068 70.27399966 52.74600068 70.27399966 0 P 0
L 52.49200068 72.30599966 52.74600068 72.30599966 0 P 0
L 52.49200068 72.30599966 52.74600068 72.55999966 0 P 0
L 52.49200068 72.81399966 52.74600068 72.55999966 0 P 0
L 52.49200068 72.81399966 52.74600068 72.81399966 0 P 0
L 52.49200068 74.84599966 52.74600068 74.84599966 0 P 0
L 52.49200068 74.84599966 52.74600068 75.09999966 0 P 0
L 52.49200068 75.35399966 52.74600068 75.09999966 0 P 0
L 52.49200068 75.35399966 52.74600068 75.35399966 0 P 0
L 52.50479974 14.29519874 52.50479974 14.90479874 0 P 0
L 52.59520088 91.99520082 52.59520088 92.60480082 0 P 0
L 52.59520088 91.99520082 53.20480088 91.99520082 0 P 0
L 52.59520088 92.60480082 53.20480088 92.60480082 0 P 0
L 52.70799974 14.09199874 52.70799974 15.10799874 0 P 0
L 52.74600068 57.06599966 53.00000068 56.81199966 0 P 0
L 52.74600068 57.57399966 53.00000068 57.82799966 0 P 0
L 52.74600068 59.60599966 53.00000068 59.35199966 0 P 0
L 52.74600068 60.11399966 53.00000068 60.36799966 0 P 0
L 52.74600068 62.14599966 53.00000068 61.89199966 0 P 0
L 52.74600068 62.65399966 53.00000068 62.90799966 0 P 0
L 52.74600068 64.68599966 53.00000068 64.43199966 0 P 0
L 52.74600068 65.19399966 53.00000068 65.44799966 0 P 0
L 52.74600068 67.22599966 53.00000068 66.97199966 0 P 0
L 52.74600068 67.73399966 53.00000068 67.98799966 0 P 0
L 52.74600068 69.76599966 53.00000068 69.51199966 0 P 0
L 52.74600068 70.27399966 53.00000068 70.52799966 0 P 0
L 52.74600068 72.30599966 53.00000068 72.05199966 0 P 0
L 52.74600068 72.81399966 53.00000068 73.06799966 0 P 0
L 52.74600068 74.84599966 53.00000068 74.59199966 0 P 0
L 52.74600068 75.35399966 53.00000068 75.60799966 0 P 0
L 52.76200014 4.49200016 52.76200014 5.50800016 0 P 0
L 52.76200014 4.49200016 53.77800014 4.49200016 0 P 0
L 52.76200014 5.50800016 53.77800014 5.50800016 0 P 0
L 53.00000068 56.81199966 53.25400068 57.06599966 0 P 0
L 53.00000068 57.82799966 53.25400068 57.57399966 0 P 0
L 53.00000068 59.35199966 53.25400068 59.60599966 0 P 0
L 53.00000068 60.36799966 53.25400068 60.11399966 0 P 0
L 53.00000068 61.89199966 53.25400068 62.14599966 0 P 0
L 53.00000068 62.90799966 53.25400068 62.65399966 0 P 0
L 53.00000068 64.43199966 53.25400068 64.68599966 0 P 0
L 53.00000068 65.44799966 53.25400068 65.19399966 0 P 0
L 53.00000068 66.97199966 53.25400068 67.22599966 0 P 0
L 53.00000068 67.98799966 53.25400068 67.73399966 0 P 0
L 53.00000068 69.51199966 53.25400068 69.76599966 0 P 0
L 53.00000068 70.52799966 53.25400068 70.27399966 0 P 0
L 53.00000068 72.05199966 53.25400068 72.30599966 0 P 0
L 53.00000068 73.06799966 53.25400068 72.81399966 0 P 0
L 53.00000068 74.59199966 53.25400068 74.84599966 0 P 0
L 53.00000068 75.60799966 53.25400068 75.35399966 0 P 0
L 53.20480088 91.99520082 53.20480088 92.60480082 0 P 0
L 53.25400068 57.06599966 53.50800068 57.06599966 0 P 0
L 53.25400068 57.31999966 53.50800068 57.06599966 0 P 0
L 53.25400068 57.31999966 53.50800068 57.57399966 0 P 0
L 53.25400068 57.57399966 53.50800068 57.57399966 0 P 0
L 53.25400068 59.60599966 53.50800068 59.60599966 0 P 0
L 53.25400068 59.85999966 53.50800068 59.60599966 0 P 0
L 53.25400068 59.85999966 53.50800068 60.11399966 0 P 0
L 53.25400068 60.11399966 53.50800068 60.11399966 0 P 0
L 53.25400068 62.14599966 53.50800068 62.14599966 0 P 0
L 53.25400068 62.39999966 53.50800068 62.14599966 0 P 0
L 53.25400068 62.39999966 53.50800068 62.65399966 0 P 0
L 53.25400068 62.65399966 53.50800068 62.65399966 0 P 0
L 53.25400068 64.68599966 53.50800068 64.68599966 0 P 0
L 53.25400068 64.93999966 53.50800068 64.68599966 0 P 0
L 53.25400068 64.93999966 53.50800068 65.19399966 0 P 0
L 53.25400068 65.19399966 53.50800068 65.19399966 0 P 0
L 53.25400068 67.22599966 53.50800068 67.22599966 0 P 0
L 53.25400068 67.47999966 53.50800068 67.22599966 0 P 0
L 53.25400068 67.47999966 53.50800068 67.73399966 0 P 0
L 53.25400068 67.73399966 53.50800068 67.73399966 0 P 0
L 53.25400068 69.76599966 53.50800068 69.76599966 0 P 0
L 53.25400068 70.01999966 53.50800068 69.76599966 0 P 0
L 53.25400068 70.01999966 53.50800068 70.27399966 0 P 0
L 53.25400068 70.27399966 53.50800068 70.27399966 0 P 0
L 53.25400068 72.30599966 53.50800068 72.30599966 0 P 0
L 53.25400068 72.55999966 53.50800068 72.30599966 0 P 0
L 53.25400068 72.55999966 53.50800068 72.81399966 0 P 0
L 53.25400068 72.81399966 53.50800068 72.81399966 0 P 0
L 53.25400068 74.84599966 53.50800068 74.84599966 0 P 0
L 53.25400068 75.09999966 53.50800068 74.84599966 0 P 0
L 53.25400068 75.09999966 53.50800068 75.35399966 0 P 0
L 53.25400068 75.35399966 53.50800068 75.35399966 0 P 0
L 53.40800088 91.79200082 53.40800088 92.80800082 0 P 0
L 53.77800014 4.49200016 53.77800014 5.50800016 0 P 0
L 54.39199942 42.09200116 54.39199942 43.10800116 0 P 0
L 54.39199942 42.09200116 55.40799942 42.09200116 0 P 0
L 54.39199942 43.10800116 55.40799942 43.10800116 0 P 0
L 54.59519942 42.29520116 54.59519942 42.90480116 0 P 0
L 54.59519942 42.29520116 55.20479942 42.29520116 0 P 0
L 54.59519942 42.90480116 55.20479942 42.90480116 0 P 0
L 55.20479942 42.29520116 55.20479942 42.90480116 0 P 0
L 55.40799942 42.09200116 55.40799942 43.10800116 0 P 0
L 56.1920009 60.59199972 56.1920009 61.60799972 0 P 0
L 56.1920009 60.59199972 57.2080009 60.59199972 0 P 0
L 56.1920009 61.60799972 57.2080009 61.60799972 0 P 0
L 56.3952009 60.79519972 56.3952009 61.40479972 0 P 0
L 56.3952009 60.79519972 57.0048009 60.79519972 0 P 0
L 56.3952009 61.40479972 57.0048009 61.40479972 0 P 0
L 57.0048009 60.79519972 57.0048009 61.40479972 0 P 0
L 57.2080009 60.59199972 57.2080009 61.60799972 0 P 0
L 59.49199938 5.00000016 59.99999938 4.49200016 0 P 0
L 59.49199938 5.00000016 59.99999938 5.50800016 0 P 0
L 59.49199938 82.1919997 59.49199938 83.2079997 0 P 0
L 59.49199938 82.1919997 60.50799938 82.1919997 0 P 0
L 59.49199938 83.2079997 60.50799938 83.2079997 0 P 0
L 59.49199938 115.00000114 59.99999938 114.49200114 0 P 0
L 59.49199938 115.00000114 59.99999938 115.50800114 0 P 0
L 59.69519938 82.3951997 59.69519938 83.0047997 0 P 0
L 59.69519938 82.3951997 60.30479938 82.3951997 0 P 0
L 59.69519938 83.0047997 60.30479938 83.0047997 0 P 0
L 59.99999938 4.49200016 60.50799938 5.00000016 0 P 0
L 59.99999938 5.50800016 60.50799938 5.00000016 0 P 0
L 59.99999938 114.49200114 60.50799938 115.00000114 0 P 0
L 59.99999938 115.50800114 60.50799938 115.00000114 0 P 0
L 60.11200068 57.06599966 60.36600068 57.06599966 0 P 0
L 60.11200068 57.06599966 60.36600068 57.31999966 0 P 0
L 60.11200068 57.57399966 60.36600068 57.31999966 0 P 0
L 60.11200068 57.57399966 60.36600068 57.57399966 0 P 0
L 60.11200068 59.60599966 60.36600068 59.60599966 0 P 0
L 60.11200068 59.60599966 60.36600068 59.85999966 0 P 0
L 60.11200068 60.11399966 60.36600068 59.85999966 0 P 0
L 60.11200068 60.11399966 60.36600068 60.11399966 0 P 0
L 60.11200068 62.14599966 60.36600068 62.14599966 0 P 0
L 60.11200068 62.14599966 60.36600068 62.39999966 0 P 0
L 60.11200068 62.65399966 60.36600068 62.39999966 0 P 0
L 60.11200068 62.65399966 60.36600068 62.65399966 0 P 0
L 60.11200068 64.68599966 60.36600068 64.68599966 0 P 0
L 60.11200068 64.68599966 60.36600068 64.93999966 0 P 0
L 60.11200068 65.19399966 60.36600068 64.93999966 0 P 0
L 60.11200068 65.19399966 60.36600068 65.19399966 0 P 0
L 60.11200068 67.22599966 60.36600068 67.22599966 0 P 0
L 60.11200068 67.22599966 60.36600068 67.47999966 0 P 0
L 60.11200068 67.73399966 60.36600068 67.47999966 0 P 0
L 60.11200068 67.73399966 60.36600068 67.73399966 0 P 0
L 60.11200068 69.76599966 60.36600068 69.76599966 0 P 0
L 60.11200068 69.76599966 60.36600068 70.01999966 0 P 0
L 60.11200068 70.27399966 60.36600068 70.01999966 0 P 0
L 60.11200068 70.27399966 60.36600068 70.27399966 0 P 0
L 60.11200068 72.30599966 60.36600068 72.30599966 0 P 0
L 60.11200068 72.30599966 60.36600068 72.55999966 0 P 0
L 60.11200068 72.81399966 60.36600068 72.55999966 0 P 0
L 60.11200068 72.81399966 60.36600068 72.81399966 0 P 0
L 60.11200068 74.84599966 60.36600068 74.84599966 0 P 0
L 60.11200068 74.84599966 60.36600068 75.09999966 0 P 0
L 60.11200068 75.35399966 60.36600068 75.09999966 0 P 0
L 60.11200068 75.35399966 60.36600068 75.35399966 0 P 0
L 60.30479938 82.3951997 60.30479938 83.0047997 0 P 0
L 60.36600068 57.06599966 60.62000068 56.81199966 0 P 0
L 60.36600068 57.57399966 60.62000068 57.82799966 0 P 0
L 60.36600068 59.60599966 60.62000068 59.35199966 0 P 0
L 60.36600068 60.11399966 60.62000068 60.36799966 0 P 0
L 60.36600068 62.14599966 60.62000068 61.89199966 0 P 0
L 60.36600068 62.65399966 60.62000068 62.90799966 0 P 0
L 60.36600068 64.68599966 60.62000068 64.43199966 0 P 0
L 60.36600068 65.19399966 60.62000068 65.44799966 0 P 0
L 60.36600068 67.22599966 60.62000068 66.97199966 0 P 0
L 60.36600068 67.73399966 60.62000068 67.98799966 0 P 0
L 60.36600068 69.76599966 60.62000068 69.51199966 0 P 0
L 60.36600068 70.27399966 60.62000068 70.52799966 0 P 0
L 60.36600068 72.30599966 60.62000068 72.05199966 0 P 0
L 60.36600068 72.81399966 60.62000068 73.06799966 0 P 0
L 60.36600068 74.84599966 60.62000068 74.59199966 0 P 0
L 60.36600068 75.35399966 60.62000068 75.60799966 0 P 0
L 60.50799938 82.1919997 60.50799938 83.2079997 0 P 0
L 60.62000068 56.81199966 60.87400068 57.06599966 0 P 0
L 60.62000068 57.82799966 60.87400068 57.57399966 0 P 0
L 60.62000068 59.35199966 60.87400068 59.60599966 0 P 0
L 60.62000068 60.36799966 60.87400068 60.11399966 0 P 0
L 60.62000068 61.89199966 60.87400068 62.14599966 0 P 0
L 60.62000068 62.90799966 60.87400068 62.65399966 0 P 0
L 60.62000068 64.43199966 60.87400068 64.68599966 0 P 0
L 60.62000068 65.44799966 60.87400068 65.19399966 0 P 0
L 60.62000068 66.97199966 60.87400068 67.22599966 0 P 0
L 60.62000068 67.98799966 60.87400068 67.73399966 0 P 0
L 60.62000068 69.51199966 60.87400068 69.76599966 0 P 0
L 60.62000068 70.52799966 60.87400068 70.27399966 0 P 0
L 60.62000068 72.05199966 60.87400068 72.30599966 0 P 0
L 60.62000068 73.06799966 60.87400068 72.81399966 0 P 0
L 60.62000068 74.59199966 60.87400068 74.84599966 0 P 0
L 60.62000068 75.60799966 60.87400068 75.35399966 0 P 0
L 60.87400068 57.06599966 61.12800068 57.06599966 0 P 0
L 60.87400068 57.31999966 61.12800068 57.06599966 0 P 0
L 60.87400068 57.31999966 61.12800068 57.57399966 0 P 0
L 60.87400068 57.57399966 61.12800068 57.57399966 0 P 0
L 60.87400068 59.60599966 61.12800068 59.60599966 0 P 0
L 60.87400068 59.85999966 61.12800068 59.60599966 0 P 0
L 60.87400068 59.85999966 61.12800068 60.11399966 0 P 0
L 60.87400068 60.11399966 61.12800068 60.11399966 0 P 0
L 60.87400068 62.14599966 61.12800068 62.14599966 0 P 0
L 60.87400068 62.39999966 61.12800068 62.14599966 0 P 0
L 60.87400068 62.39999966 61.12800068 62.65399966 0 P 0
L 60.87400068 62.65399966 61.12800068 62.65399966 0 P 0
L 60.87400068 64.68599966 61.12800068 64.68599966 0 P 0
L 60.87400068 64.93999966 61.12800068 64.68599966 0 P 0
L 60.87400068 64.93999966 61.12800068 65.19399966 0 P 0
L 60.87400068 65.19399966 61.12800068 65.19399966 0 P 0
L 60.87400068 67.22599966 61.12800068 67.22599966 0 P 0
L 60.87400068 67.47999966 61.12800068 67.22599966 0 P 0
L 60.87400068 67.47999966 61.12800068 67.73399966 0 P 0
L 60.87400068 67.73399966 61.12800068 67.73399966 0 P 0
L 60.87400068 69.76599966 61.12800068 69.76599966 0 P 0
L 60.87400068 70.01999966 61.12800068 69.76599966 0 P 0
L 60.87400068 70.01999966 61.12800068 70.27399966 0 P 0
L 60.87400068 70.27399966 61.12800068 70.27399966 0 P 0
L 60.87400068 72.30599966 61.12800068 72.30599966 0 P 0
L 60.87400068 72.55999966 61.12800068 72.30599966 0 P 0
L 60.87400068 72.55999966 61.12800068 72.81399966 0 P 0
L 60.87400068 72.81399966 61.12800068 72.81399966 0 P 0
L 60.87400068 74.84599966 61.12800068 74.84599966 0 P 0
L 60.87400068 75.09999966 61.12800068 74.84599966 0 P 0
L 60.87400068 75.09999966 61.12800068 75.35399966 0 P 0
L 60.87400068 75.35399966 61.12800068 75.35399966 0 P 0
L 64.09200034 106.8920011 64.09200034 107.9080011 0 P 0
L 64.09200034 106.8920011 65.10800034 106.8920011 0 P 0
L 64.09200034 107.9080011 65.10800034 107.9080011 0 P 0
L 64.29520034 107.0952011 64.29520034 107.7048011 0 P 0
L 64.29520034 107.0952011 64.90480034 107.0952011 0 P 0
L 64.29520034 107.7048011 64.90480034 107.7048011 0 P 0
L 64.90480034 107.0952011 64.90480034 107.7048011 0 P 0
L 65.10800034 106.8920011 65.10800034 107.9080011 0 P 0
L 66.19199868 11.49199886 66.19199868 12.50799886 0 P 0
L 66.19199868 11.49199886 67.20799868 11.49199886 0 P 0
L 66.19199868 12.50799886 67.20799868 12.50799886 0 P 0
L 66.22200116 114.49200114 66.22200116 115.50800114 0 P 0
L 66.22200116 114.49200114 67.23800116 114.49200114 0 P 0
L 66.22200116 115.50800114 67.23800116 115.50800114 0 P 0
L 66.39519868 11.69519886 66.39519868 12.30479886 0 P 0
L 66.39519868 11.69519886 67.00479868 11.69519886 0 P 0
L 66.39519868 12.30479886 67.00479868 12.30479886 0 P 0
L 67.00479868 11.69519886 67.00479868 12.30479886 0 P 0
L 67.20799868 11.49199886 67.20799868 12.50799886 0 P 0
L 67.23800116 114.49200114 67.23800116 115.50800114 0 P 0
L 67.29199902 104.89200002 67.29199902 105.90800002 0 P 0
L 67.29199902 104.89200002 68.30799902 104.89200002 0 P 0
L 67.29199902 105.90800002 68.30799902 105.90800002 0 P 0
L 67.49519902 105.09520002 67.49519902 105.70480002 0 P 0
L 67.49519902 105.09520002 68.10479902 105.09520002 0 P 0
L 67.49519902 105.70480002 68.10479902 105.70480002 0 P 0
L 68.10479902 105.09520002 68.10479902 105.70480002 0 P 0
L 68.30799902 104.89200002 68.30799902 105.90800002 0 P 0
L 68.54590304 56.60590152 68.54590304 57.62190152 0 P 0
L 68.54590304 56.60590152 69.56190304 56.60590152 0 P 0
L 68.54590304 57.62190152 69.56190304 57.62190152 0 P 0
L 68.74910304 56.80910152 68.74910304 57.41870152 0 P 0
L 68.74910304 56.80910152 69.35870304 56.80910152 0 P 0
L 68.74910304 57.41870152 69.35870304 57.41870152 0 P 0
L 68.76200116 114.49200114 68.76200116 115.50800114 0 P 0
L 68.76200116 114.49200114 69.77800116 114.49200114 0 P 0
L 68.76200116 115.50800114 69.77800116 115.50800114 0 P 0
L 69.35870304 56.80910152 69.35870304 57.41870152 0 P 0
L 69.56190304 56.60590152 69.56190304 57.62190152 0 P 0
L 69.77800116 114.49200114 69.77800116 115.50800114 0 P 0
L 70.59200004 12.4919994 70.59200004 13.5079994 0 P 0
L 70.59200004 12.4919994 71.60800004 12.4919994 0 P 0
L 70.59200004 13.5079994 71.60800004 13.5079994 0 P 0
L 70.79520004 12.6951994 70.79520004 13.3047994 0 P 0
L 70.79520004 12.6951994 71.40480004 12.6951994 0 P 0
L 70.79520004 13.3047994 71.40480004 13.3047994 0 P 0
L 71.19199884 84.59199998 71.19199884 85.60799998 0 P 0
L 71.19199884 84.59199998 72.20799884 84.59199998 0 P 0
L 71.19199884 85.60799998 72.20799884 85.60799998 0 P 0
L 71.39519884 84.79519998 71.39519884 85.40479998 0 P 0
L 71.39519884 84.79519998 72.00479884 84.79519998 0 P 0
L 71.39519884 85.40479998 72.00479884 85.40479998 0 P 0
L 71.40480004 12.6951994 71.40480004 13.3047994 0 P 0
L 71.60800004 12.4919994 71.60800004 13.5079994 0 P 0
L 72.00479884 84.79519998 72.00479884 85.40479998 0 P 0
L 72.20799884 84.59199998 72.20799884 85.60799998 0 P 0
L 74.39200006 28.19200102 74.39200006 29.20800102 0 P 0
L 74.39200006 28.19200102 75.40800006 28.19200102 0 P 0
L 74.39200006 29.20800102 75.40800006 29.20800102 0 P 0
L 74.59520006 28.39520102 74.59520006 29.00480102 0 P 0
L 74.59520006 28.39520102 75.20480006 28.39520102 0 P 0
L 74.59520006 29.00480102 75.20480006 29.00480102 0 P 0
L 75.20480006 28.39520102 75.20480006 29.00480102 0 P 0
L 75.40800006 28.19200102 75.40800006 29.20800102 0 P 0
L 76.79200034 58.84600118 76.79200034 59.35400118 0 P 0
L 76.79200034 58.84600118 77.04600034 58.84600118 0 P 0
L 76.79200034 59.35400118 77.04600034 59.35400118 0 P 0
L 76.79200034 61.38600118 76.79200034 61.89400118 0 P 0
L 76.79200034 61.38600118 77.04600034 61.38600118 0 P 0
L 76.79200034 61.89400118 77.04600034 61.89400118 0 P 0
L 77.04600034 58.59200118 77.04600034 58.84600118 0 P 0
L 77.04600034 58.59200118 77.55400034 58.59200118 0 P 0
L 77.04600034 59.35400118 77.04600034 59.60800118 0 P 0
L 77.04600034 59.60800118 77.55400034 59.60800118 0 P 0
L 77.04600034 61.13200118 77.04600034 61.38600118 0 P 0
L 77.04600034 61.13200118 77.55400034 61.13200118 0 P 0
L 77.04600034 61.89400118 77.04600034 62.14800118 0 P 0
L 77.04600034 62.14800118 77.55400034 62.14800118 0 P 0
L 77.55400034 58.59200118 77.55400034 58.84600118 0 P 0
L 77.55400034 58.84600118 77.80800034 58.84600118 0 P 0
L 77.55400034 59.35400118 77.55400034 59.60800118 0 P 0
L 77.55400034 59.35400118 77.80800034 59.35400118 0 P 0
L 77.55400034 61.13200118 77.55400034 61.38600118 0 P 0
L 77.55400034 61.38600118 77.80800034 61.38600118 0 P 0
L 77.55400034 61.89400118 77.55400034 62.14800118 0 P 0
L 77.55400034 61.89400118 77.80800034 61.89400118 0 P 0
L 77.80800034 58.84600118 77.80800034 59.35400118 0 P 0
L 77.80800034 61.38600118 77.80800034 61.89400118 0 P 0
L 79.33200034 58.84600118 79.33200034 59.35400118 0 P 0
L 79.33200034 58.84600118 79.58600034 58.84600118 0 P 0
L 79.33200034 59.35400118 79.58600034 59.35400118 0 P 0
L 79.33200034 61.38600118 79.33200034 61.89400118 0 P 0
L 79.33200034 61.38600118 79.58600034 61.38600118 0 P 0
L 79.33200034 61.89400118 79.58600034 61.89400118 0 P 0
L 79.58600034 58.59200118 79.58600034 58.84600118 0 P 0
L 79.58600034 58.59200118 80.09400034 58.59200118 0 P 0
L 79.58600034 59.35400118 79.58600034 59.60800118 0 P 0
L 79.58600034 59.60800118 80.09400034 59.60800118 0 P 0
L 79.58600034 61.13200118 79.58600034 61.38600118 0 P 0
L 79.58600034 61.13200118 80.09400034 61.13200118 0 P 0
L 79.58600034 61.89400118 79.58600034 62.14800118 0 P 0
L 79.58600034 62.14800118 80.09400034 62.14800118 0 P 0
L 80.09400034 58.59200118 80.09400034 58.84600118 0 P 0
L 80.09400034 58.84600118 80.34800034 58.84600118 0 P 0
L 80.09400034 59.35400118 80.09400034 59.60800118 0 P 0
L 80.09400034 59.35400118 80.34800034 59.35400118 0 P 0
L 80.09400034 61.13200118 80.09400034 61.38600118 0 P 0
L 80.09400034 61.38600118 80.34800034 61.38600118 0 P 0
L 80.09400034 61.89400118 80.09400034 62.14800118 0 P 0
L 80.09400034 61.89400118 80.34800034 61.89400118 0 P 0
L 80.34800034 58.84600118 80.34800034 59.35400118 0 P 0
L 80.34800034 61.38600118 80.34800034 61.89400118 0 P 0
L 80.79199996 10.49200086 80.79199996 11.50800086 0 P 0
L 80.79199996 10.49200086 81.80799996 10.49200086 0 P 0
L 80.79199996 11.50800086 81.80799996 11.50800086 0 P 0
L 80.99519996 10.69520086 80.99519996 11.30480086 0 P 0
L 80.99519996 10.69520086 81.60479996 10.69520086 0 P 0
L 80.99519996 11.30480086 81.60479996 11.30480086 0 P 0
L 81.09199936 21.29199958 81.09199936 22.30799958 0 P 0
L 81.09199936 21.29199958 82.10799936 21.29199958 0 P 0
L 81.09199936 22.30799958 82.10799936 22.30799958 0 P 0
L 81.29519936 21.49519958 81.29519936 22.10479958 0 P 0
L 81.29519936 21.49519958 81.90479936 21.49519958 0 P 0
L 81.29519936 22.10479958 81.90479936 22.10479958 0 P 0
L 81.60479996 10.69520086 81.60479996 11.30480086 0 P 0
L 81.80799996 10.49200086 81.80799996 11.50800086 0 P 0
L 81.87200034 58.84600118 81.87200034 59.35400118 0 P 0
L 81.87200034 58.84600118 82.12600034 58.84600118 0 P 0
L 81.87200034 59.35400118 82.12600034 59.35400118 0 P 0
L 81.87200034 61.38600118 81.87200034 61.89400118 0 P 0
L 81.87200034 61.38600118 82.12600034 61.38600118 0 P 0
L 81.87200034 61.89400118 82.12600034 61.89400118 0 P 0
L 81.90479936 21.49519958 81.90479936 22.10479958 0 P 0
L 82.10799936 21.29199958 82.10799936 22.30799958 0 P 0
L 82.12600034 58.59200118 82.12600034 58.84600118 0 P 0
L 82.12600034 58.59200118 82.63400034 58.59200118 0 P 0
L 82.12600034 59.35400118 82.12600034 59.60800118 0 P 0
L 82.12600034 59.60800118 82.63400034 59.60800118 0 P 0
L 82.12600034 61.13200118 82.12600034 61.38600118 0 P 0
L 82.12600034 61.13200118 82.63400034 61.13200118 0 P 0
L 82.12600034 61.89400118 82.12600034 62.14800118 0 P 0
L 82.12600034 62.14800118 82.63400034 62.14800118 0 P 0
L 82.1919997 108.19200104 82.1919997 109.20800104 0 P 0
L 82.1919997 108.19200104 83.2079997 108.19200104 0 P 0
L 82.1919997 109.20800104 83.2079997 109.20800104 0 P 0
L 82.3951997 108.39520104 82.3951997 109.00480104 0 P 0
L 82.3951997 108.39520104 83.0047997 108.39520104 0 P 0
L 82.3951997 109.00480104 83.0047997 109.00480104 0 P 0
L 82.63400034 58.59200118 82.63400034 58.84600118 0 P 0
L 82.63400034 58.84600118 82.88800034 58.84600118 0 P 0
L 82.63400034 59.35400118 82.63400034 59.60800118 0 P 0
L 82.63400034 59.35400118 82.88800034 59.35400118 0 P 0
L 82.63400034 61.13200118 82.63400034 61.38600118 0 P 0
L 82.63400034 61.38600118 82.88800034 61.38600118 0 P 0
L 82.63400034 61.89400118 82.63400034 62.14800118 0 P 0
L 82.63400034 61.89400118 82.88800034 61.89400118 0 P 0
L 82.88800034 58.84600118 82.88800034 59.35400118 0 P 0
L 82.88800034 61.38600118 82.88800034 61.89400118 0 P 0
L 83.0047997 108.39520104 83.0047997 109.00480104 0 P 0
L 83.2079997 108.19200104 83.2079997 109.20800104 0 P 0
L 84.41200034 58.84600118 84.41200034 59.35400118 0 P 0
L 84.41200034 58.84600118 84.66600034 58.84600118 0 P 0
L 84.41200034 59.35400118 84.66600034 59.35400118 0 P 0
L 84.41200034 61.38600118 84.41200034 61.89400118 0 P 0
L 84.41200034 61.38600118 84.66600034 61.38600118 0 P 0
L 84.41200034 61.89400118 84.66600034 61.89400118 0 P 0
L 84.66600034 58.59200118 84.66600034 58.84600118 0 P 0
L 84.66600034 58.59200118 85.17400034 58.59200118 0 P 0
L 84.66600034 59.35400118 84.66600034 59.60800118 0 P 0
L 84.66600034 59.60800118 85.17400034 59.60800118 0 P 0
L 84.66600034 61.13200118 84.66600034 61.38600118 0 P 0
L 84.66600034 61.13200118 85.17400034 61.13200118 0 P 0
L 84.66600034 61.89400118 84.66600034 62.14800118 0 P 0
L 84.66600034 62.14800118 85.17400034 62.14800118 0 P 0
L 85.17400034 58.59200118 85.17400034 58.84600118 0 P 0
L 85.17400034 58.84600118 85.42800034 58.84600118 0 P 0
L 85.17400034 59.35400118 85.17400034 59.60800118 0 P 0
L 85.17400034 59.35400118 85.42800034 59.35400118 0 P 0
L 85.17400034 61.13200118 85.17400034 61.38600118 0 P 0
L 85.17400034 61.38600118 85.42800034 61.38600118 0 P 0
L 85.17400034 61.89400118 85.17400034 62.14800118 0 P 0
L 85.17400034 61.89400118 85.42800034 61.89400118 0 P 0
L 85.42800034 58.84600118 85.42800034 59.35400118 0 P 0
L 85.42800034 61.38600118 85.42800034 61.89400118 0 P 0
L 86.09200206 21.79200112 86.09200206 22.80800112 0 P 0
L 86.09200206 21.79200112 87.10800206 21.79200112 0 P 0
L 86.09200206 22.80800112 87.10800206 22.80800112 0 P 0
L 86.29520206 21.99520112 86.29520206 22.60480112 0 P 0
L 86.29520206 21.99520112 86.90480206 21.99520112 0 P 0
L 86.29520206 22.60480112 86.90480206 22.60480112 0 P 0
L 86.90480206 21.99520112 86.90480206 22.60480112 0 P 0
L 86.95200034 58.84600118 86.95200034 59.35400118 0 P 0
L 86.95200034 58.84600118 87.20600034 58.84600118 0 P 0
L 86.95200034 59.35400118 87.20600034 59.35400118 0 P 0
L 86.95200034 61.38600118 86.95200034 61.89400118 0 P 0
L 86.95200034 61.38600118 87.20600034 61.38600118 0 P 0
L 86.95200034 61.89400118 87.20600034 61.89400118 0 P 0
L 87.10800206 21.79200112 87.10800206 22.80800112 0 P 0
L 87.20600034 58.59200118 87.20600034 58.84600118 0 P 0
L 87.20600034 58.59200118 87.71400034 58.59200118 0 P 0
L 87.20600034 59.35400118 87.20600034 59.60800118 0 P 0
L 87.20600034 59.60800118 87.71400034 59.60800118 0 P 0
L 87.20600034 61.13200118 87.20600034 61.38600118 0 P 0
L 87.20600034 61.13200118 87.71400034 61.13200118 0 P 0
L 87.20600034 61.89400118 87.20600034 62.14800118 0 P 0
L 87.20600034 62.14800118 87.71400034 62.14800118 0 P 0
L 87.71400034 58.59200118 87.71400034 58.84600118 0 P 0
L 87.71400034 58.84600118 87.96800034 58.84600118 0 P 0
L 87.71400034 59.35400118 87.71400034 59.60800118 0 P 0
L 87.71400034 59.35400118 87.96800034 59.35400118 0 P 0
L 87.71400034 61.13200118 87.71400034 61.38600118 0 P 0
L 87.71400034 61.38600118 87.96800034 61.38600118 0 P 0
L 87.71400034 61.89400118 87.71400034 62.14800118 0 P 0
L 87.71400034 61.89400118 87.96800034 61.89400118 0 P 0
L 87.96800034 58.84600118 87.96800034 59.35400118 0 P 0
L 87.96800034 61.38600118 87.96800034 61.89400118 0 P 0
L 88.6919994 98.39200032 88.6919994 99.40800032 0 P 0
L 88.6919994 98.39200032 89.7079994 98.39200032 0 P 0
L 88.6919994 99.40800032 89.7079994 99.40800032 0 P 0
L 88.8951994 98.59520032 88.8951994 99.20480032 0 P 0
L 88.8951994 98.59520032 89.5047994 98.59520032 0 P 0
L 88.8951994 99.20480032 89.5047994 99.20480032 0 P 0
L 89.49200034 58.84600118 89.49200034 59.35400118 0 P 0
L 89.49200034 58.84600118 89.74600034 58.84600118 0 P 0
L 89.49200034 59.35400118 89.74600034 59.35400118 0 P 0
L 89.49200034 61.38600118 89.49200034 61.89400118 0 P 0
L 89.49200034 61.38600118 89.74600034 61.38600118 0 P 0
L 89.49200034 61.89400118 89.74600034 61.89400118 0 P 0
L 89.5047994 98.59520032 89.5047994 99.20480032 0 P 0
L 89.7079994 98.39200032 89.7079994 99.40800032 0 P 0
L 89.74600034 58.59200118 89.74600034 58.84600118 0 P 0
L 89.74600034 58.59200118 90.25400034 58.59200118 0 P 0
L 89.74600034 59.35400118 89.74600034 59.60800118 0 P 0
L 89.74600034 59.60800118 90.25400034 59.60800118 0 P 0
L 89.74600034 61.13200118 89.74600034 61.38600118 0 P 0
L 89.74600034 61.13200118 90.25400034 61.13200118 0 P 0
L 89.74600034 61.89400118 89.74600034 62.14800118 0 P 0
L 89.74600034 62.14800118 90.25400034 62.14800118 0 P 0
L 89.89199954 17.9920011 89.89199954 19.0080011 0 P 0
L 89.89199954 17.9920011 90.90799954 17.9920011 0 P 0
L 89.89199954 19.0080011 90.90799954 19.0080011 0 P 0
L 90.09519954 18.1952011 90.09519954 18.8048011 0 P 0
L 90.09519954 18.1952011 90.70479954 18.1952011 0 P 0
L 90.09519954 18.8048011 90.70479954 18.8048011 0 P 0
L 90.25400034 58.59200118 90.25400034 58.84600118 0 P 0
L 90.25400034 58.84600118 90.50800034 58.84600118 0 P 0
L 90.25400034 59.35400118 90.25400034 59.60800118 0 P 0
L 90.25400034 59.35400118 90.50800034 59.35400118 0 P 0
L 90.25400034 61.13200118 90.25400034 61.38600118 0 P 0
L 90.25400034 61.38600118 90.50800034 61.38600118 0 P 0
L 90.25400034 61.89400118 90.25400034 62.14800118 0 P 0
L 90.25400034 61.89400118 90.50800034 61.89400118 0 P 0
L 90.50800034 58.84600118 90.50800034 59.35400118 0 P 0
L 90.50800034 61.38600118 90.50800034 61.89400118 0 P 0
L 90.70479954 18.1952011 90.70479954 18.8048011 0 P 0
L 90.90799954 17.9920011 90.90799954 19.0080011 0 P 0
L 91.39199908 83.49199964 91.39199908 84.50799964 0 P 0
L 91.39199908 83.49199964 92.40799908 83.49199964 0 P 0
L 91.39199908 84.50799964 92.40799908 84.50799964 0 P 0
L 91.59519908 83.69519964 91.59519908 84.30479964 0 P 0
L 91.59519908 83.69519964 92.20479908 83.69519964 0 P 0
L 91.59519908 84.30479964 92.20479908 84.30479964 0 P 0
L 91.8439743 14.04397496 91.8439743 15.05997496 0 P 0
L 91.8439743 14.04397496 92.8599743 14.04397496 0 P 0
L 91.8439743 15.05997496 92.8599743 15.05997496 0 P 0
L 92.03200034 58.84600118 92.03200034 59.35400118 0 P 0
L 92.03200034 58.84600118 92.28600034 58.84600118 0 P 0
L 92.03200034 59.35400118 92.28600034 59.35400118 0 P 0
L 92.03200034 61.38600118 92.03200034 61.89400118 0 P 0
L 92.03200034 61.38600118 92.28600034 61.38600118 0 P 0
L 92.03200034 61.89400118 92.28600034 61.89400118 0 P 0
L 92.20479908 83.69519964 92.20479908 84.30479964 0 P 0
L 92.28600034 58.59200118 92.28600034 58.84600118 0 P 0
L 92.28600034 58.59200118 92.79400034 58.59200118 0 P 0
L 92.28600034 59.35400118 92.28600034 59.60800118 0 P 0
L 92.28600034 59.60800118 92.79400034 59.60800118 0 P 0
L 92.28600034 61.13200118 92.28600034 61.38600118 0 P 0
L 92.28600034 61.13200118 92.79400034 61.13200118 0 P 0
L 92.28600034 61.89400118 92.28600034 62.14800118 0 P 0
L 92.28600034 62.14800118 92.79400034 62.14800118 0 P 0
L 92.40799908 83.49199964 92.40799908 84.50799964 0 P 0
L 92.79400034 58.59200118 92.79400034 58.84600118 0 P 0
L 92.79400034 58.84600118 93.04800034 58.84600118 0 P 0
L 92.79400034 59.35400118 92.79400034 59.60800118 0 P 0
L 92.79400034 59.35400118 93.04800034 59.35400118 0 P 0
L 92.79400034 61.13200118 92.79400034 61.38600118 0 P 0
L 92.79400034 61.38600118 93.04800034 61.38600118 0 P 0
L 92.79400034 61.89400118 92.79400034 62.14800118 0 P 0
L 92.79400034 61.89400118 93.04800034 61.89400118 0 P 0
L 92.8599743 14.04397496 92.8599743 15.05997496 0 P 0
L 92.99200096 68.59199896 92.99200096 69.60799896 0 P 0
L 92.99200096 68.59199896 94.00800096 68.59199896 0 P 0
L 92.99200096 69.60799896 94.00800096 69.60799896 0 P 0
L 93.04800034 58.84600118 93.04800034 59.35400118 0 P 0
L 93.04800034 61.38600118 93.04800034 61.89400118 0 P 0
L 93.19520096 68.79519896 93.19520096 69.40479896 0 P 0
L 93.19520096 68.79519896 93.80480096 68.79519896 0 P 0
L 93.19520096 69.40479896 93.80480096 69.40479896 0 P 0
L 93.64002354 15.8400242 93.64002354 16.8560242 0 P 0
L 93.64002354 15.8400242 94.65602354 15.8400242 0 P 0
L 93.64002354 16.8560242 94.65602354 16.8560242 0 P 0
L 93.80480096 68.79519896 93.80480096 69.40479896 0 P 0
L 94.00800096 68.59199896 94.00800096 69.60799896 0 P 0
L 94.57200034 54.91200092 94.57200034 55.92800092 0 P 0
L 94.57200034 54.91200092 95.58800034 54.91200092 0 P 0
L 94.57200034 55.92800092 95.58800034 55.92800092 0 P 0
L 94.57200034 58.84600118 94.57200034 59.35400118 0 P 0
L 94.57200034 58.84600118 94.82600034 58.84600118 0 P 0
L 94.57200034 59.35400118 94.82600034 59.35400118 0 P 0
L 94.57200034 61.38600118 94.57200034 61.89400118 0 P 0
L 94.57200034 61.38600118 94.82600034 61.38600118 0 P 0
L 94.57200034 61.89400118 94.82600034 61.89400118 0 P 0
L 94.65602354 15.8400242 94.65602354 16.8560242 0 P 0
L 94.77520034 55.11520092 94.77520034 55.72480092 0 P 0
L 94.77520034 55.11520092 95.38480034 55.11520092 0 P 0
L 94.77520034 55.72480092 95.38480034 55.72480092 0 P 0
L 94.82600034 58.59200118 94.82600034 58.84600118 0 P 0
L 94.82600034 58.59200118 95.33400034 58.59200118 0 P 0
L 94.82600034 59.35400118 94.82600034 59.60800118 0 P 0
L 94.82600034 59.60800118 95.33400034 59.60800118 0 P 0
L 94.82600034 61.13200118 94.82600034 61.38600118 0 P 0
L 94.82600034 61.13200118 95.33400034 61.13200118 0 P 0
L 94.82600034 61.89400118 94.82600034 62.14800118 0 P 0
L 94.82600034 62.14800118 95.33400034 62.14800118 0 P 0
L 95.33400034 58.59200118 95.33400034 58.84600118 0 P 0
L 95.33400034 58.84600118 95.58800034 58.84600118 0 P 0
L 95.33400034 59.35400118 95.33400034 59.60800118 0 P 0
L 95.33400034 59.35400118 95.58800034 59.35400118 0 P 0
L 95.33400034 61.13200118 95.33400034 61.38600118 0 P 0
L 95.33400034 61.38600118 95.58800034 61.38600118 0 P 0
L 95.33400034 61.89400118 95.33400034 62.14800118 0 P 0
L 95.33400034 61.89400118 95.58800034 61.89400118 0 P 0
L 95.38480034 55.11520092 95.38480034 55.72480092 0 P 0
L 95.58800034 54.91200092 95.58800034 55.92800092 0 P 0
L 95.58800034 58.84600118 95.58800034 59.35400118 0 P 0
L 95.58800034 61.38600118 95.58800034 61.89400118 0 P 0
L 95.89200024 90.09199914 95.89200024 91.10799914 0 P 0
L 95.89200024 90.09199914 96.90800024 90.09199914 0 P 0
L 95.89200024 91.10799914 96.90800024 91.10799914 0 P 0
L 96.09520024 90.29519914 96.09520024 90.90479914 0 P 0
L 96.09520024 90.29519914 96.70480024 90.29519914 0 P 0
L 96.09520024 90.90479914 96.70480024 90.90479914 0 P 0
L 96.70480024 90.29519914 96.70480024 90.90479914 0 P 0
L 96.90800024 90.09199914 96.90800024 91.10799914 0 P 0
L 97.11200034 58.84600118 97.11200034 59.35400118 0 P 0
L 97.11200034 58.84600118 97.36600034 58.84600118 0 P 0
L 97.11200034 59.35400118 97.36600034 59.35400118 0 P 0
L 97.11200034 61.38600118 97.11200034 61.89400118 0 P 0
L 97.11200034 61.38600118 97.36600034 61.38600118 0 P 0
L 97.11200034 61.89400118 97.36600034 61.89400118 0 P 0
L 97.19200018 75.3920006 97.19200018 75.6460006 0 P 0
L 97.19200018 75.3920006 97.44600018 75.3920006 0 P 0
L 97.19200018 75.6460006 97.44600018 75.9000006 0 P 0
L 97.19200018 76.1540006 97.19200018 76.4080006 0 P 0
L 97.19200018 76.1540006 97.44600018 75.9000006 0 P 0
L 97.19200018 76.4080006 97.44600018 76.4080006 0 P 0
L 97.19200018 85.5520006 97.19200018 85.8060006 0 P 0
L 97.19200018 85.5520006 97.44600018 85.5520006 0 P 0
L 97.19200018 85.8060006 97.44600018 86.0600006 0 P 0
L 97.19200018 86.3140006 97.19200018 86.5680006 0 P 0
L 97.19200018 86.3140006 97.44600018 86.0600006 0 P 0
L 97.19200018 86.5680006 97.44600018 86.5680006 0 P 0
L 97.36600034 58.59200118 97.36600034 58.84600118 0 P 0
L 97.36600034 58.59200118 97.87400034 58.59200118 0 P 0
L 97.36600034 59.35400118 97.36600034 59.60800118 0 P 0
L 97.36600034 59.60800118 97.87400034 59.60800118 0 P 0
L 97.36600034 61.13200118 97.36600034 61.38600118 0 P 0
L 97.36600034 61.13200118 97.87400034 61.13200118 0 P 0
L 97.36600034 61.89400118 97.36600034 62.14800118 0 P 0
L 97.36600034 62.14800118 97.87400034 62.14800118 0 P 0
L 97.44600018 75.3920006 97.70000018 75.6460006 0 P 0
L 97.44600018 76.4080006 97.70000018 76.1540006 0 P 0
L 97.44600018 85.5520006 97.70000018 85.8060006 0 P 0
L 97.44600018 86.5680006 97.70000018 86.3140006 0 P 0
L 97.70000018 75.6460006 97.95400018 75.3920006 0 P 0
L 97.70000018 76.1540006 97.95400018 76.4080006 0 P 0
L 97.70000018 85.8060006 97.95400018 85.5520006 0 P 0
L 97.70000018 86.3140006 97.95400018 86.5680006 0 P 0
L 97.87400034 58.59200118 97.87400034 58.84600118 0 P 0
L 97.87400034 58.84600118 98.12800034 58.84600118 0 P 0
L 97.87400034 59.35400118 97.87400034 59.60800118 0 P 0
L 97.87400034 59.35400118 98.12800034 59.35400118 0 P 0
L 97.87400034 61.13200118 97.87400034 61.38600118 0 P 0
L 97.87400034 61.38600118 98.12800034 61.38600118 0 P 0
L 97.87400034 61.89400118 97.87400034 62.14800118 0 P 0
L 97.87400034 61.89400118 98.12800034 61.89400118 0 P 0
L 97.95400018 75.3920006 98.20800018 75.3920006 0 P 0
L 97.95400018 75.9000006 98.20800018 75.6460006 0 P 0
L 97.95400018 75.9000006 98.20800018 76.1540006 0 P 0
L 97.95400018 76.4080006 98.20800018 76.4080006 0 P 0
L 97.95400018 85.5520006 98.20800018 85.5520006 0 P 0
L 97.95400018 86.0600006 98.20800018 85.8060006 0 P 0
L 97.95400018 86.0600006 98.20800018 86.3140006 0 P 0
L 97.95400018 86.5680006 98.20800018 86.5680006 0 P 0
L 98.12800034 58.84600118 98.12800034 59.35400118 0 P 0
L 98.12800034 61.38600118 98.12800034 61.89400118 0 P 0
L 98.20800018 75.3920006 98.20800018 75.6460006 0 P 0
L 98.20800018 76.1540006 98.20800018 76.4080006 0 P 0
L 98.20800018 85.5520006 98.20800018 85.8060006 0 P 0
L 98.20800018 86.3140006 98.20800018 86.5680006 0 P 0
L 98.39200032 21.10000098 98.90000032 20.59200098 0 P 0
L 98.39200032 21.10000098 98.90000032 21.60800098 0 P 0
L 98.39200032 98.90000032 98.90000032 98.39200032 0 P 0
L 98.39200032 98.90000032 98.90000032 99.40800032 0 P 0
L 98.90000032 20.59200098 99.40800032 21.10000098 0 P 0
L 98.90000032 21.60800098 99.40800032 21.10000098 0 P 0
L 98.90000032 98.39200032 99.40800032 98.90000032 0 P 0
L 98.90000032 99.40800032 99.40800032 98.90000032 0 P 0
L 99.65200034 58.84600118 99.65200034 59.35400118 0 P 0
L 99.65200034 58.84600118 99.90600034 58.84600118 0 P 0
L 99.65200034 59.35400118 99.90600034 59.35400118 0 P 0
L 99.65200034 61.38600118 99.65200034 61.89400118 0 P 0
L 99.65200034 61.38600118 99.90600034 61.38600118 0 P 0
L 99.65200034 61.89400118 99.90600034 61.89400118 0 P 0
L 99.90600034 58.59200118 99.90600034 58.84600118 0 P 0
L 99.90600034 58.59200118 100.41400034 58.59200118 0 P 0
L 99.90600034 59.35400118 99.90600034 59.60800118 0 P 0
L 99.90600034 59.60800118 100.41400034 59.60800118 0 P 0
L 99.90600034 61.13200118 99.90600034 61.38600118 0 P 0
L 99.90600034 61.13200118 100.41400034 61.13200118 0 P 0
L 99.90600034 61.89400118 99.90600034 62.14800118 0 P 0
L 99.90600034 62.14800118 100.41400034 62.14800118 0 P 0
L 100.41400034 58.59200118 100.41400034 58.84600118 0 P 0
L 100.41400034 58.84600118 100.66800034 58.84600118 0 P 0
L 100.41400034 59.35400118 100.41400034 59.60800118 0 P 0
L 100.41400034 59.35400118 100.66800034 59.35400118 0 P 0
L 100.41400034 61.13200118 100.41400034 61.38600118 0 P 0
L 100.41400034 61.38600118 100.66800034 61.38600118 0 P 0
L 100.41400034 61.89400118 100.41400034 62.14800118 0 P 0
L 100.41400034 61.89400118 100.66800034 61.89400118 0 P 0
L 100.66800034 58.84600118 100.66800034 59.35400118 0 P 0
L 100.66800034 61.38600118 100.66800034 61.89400118 0 P 0
L 101.89200094 67.69200076 101.89200094 68.70800076 0 P 0
L 101.89200094 67.69200076 102.90800094 67.69200076 0 P 0
L 101.89200094 68.70800076 102.90800094 68.70800076 0 P 0
L 102.09520094 67.89520076 102.09520094 68.50480076 0 P 0
L 102.09520094 67.89520076 102.70480094 67.89520076 0 P 0
L 102.09520094 68.50480076 102.70480094 68.50480076 0 P 0
L 102.19200034 58.84600118 102.19200034 59.35400118 0 P 0
L 102.19200034 58.84600118 102.44600034 58.84600118 0 P 0
L 102.19200034 59.35400118 102.44600034 59.35400118 0 P 0
L 102.19200034 61.38600118 102.19200034 61.89400118 0 P 0
L 102.19200034 61.38600118 102.44600034 61.38600118 0 P 0
L 102.19200034 61.89400118 102.44600034 61.89400118 0 P 0
L 102.44600034 58.59200118 102.44600034 58.84600118 0 P 0
L 102.44600034 58.59200118 102.95400034 58.59200118 0 P 0
L 102.44600034 59.35400118 102.44600034 59.60800118 0 P 0
L 102.44600034 59.60800118 102.95400034 59.60800118 0 P 0
L 102.44600034 61.13200118 102.44600034 61.38600118 0 P 0
L 102.44600034 61.13200118 102.95400034 61.13200118 0 P 0
L 102.44600034 61.89400118 102.44600034 62.14800118 0 P 0
L 102.44600034 62.14800118 102.95400034 62.14800118 0 P 0
L 102.70480094 67.89520076 102.70480094 68.50480076 0 P 0
L 102.90800094 67.69200076 102.90800094 68.70800076 0 P 0
L 102.95400034 58.59200118 102.95400034 58.84600118 0 P 0
L 102.95400034 58.84600118 103.20800034 58.84600118 0 P 0
L 102.95400034 59.35400118 102.95400034 59.60800118 0 P 0
L 102.95400034 59.35400118 103.20800034 59.35400118 0 P 0
L 102.95400034 61.13200118 102.95400034 61.38600118 0 P 0
L 102.95400034 61.38600118 103.20800034 61.38600118 0 P 0
L 102.95400034 61.89400118 102.95400034 62.14800118 0 P 0
L 102.95400034 61.89400118 103.20800034 61.89400118 0 P 0
L 103.14397456 93.64002354 103.14397456 94.65602354 0 P 0
L 103.14397456 93.64002354 104.15997456 93.64002354 0 P 0
L 103.14397456 94.65602354 104.15997456 94.65602354 0 P 0
L 103.20800034 58.84600118 103.20800034 59.35400118 0 P 0
L 103.20800034 61.38600118 103.20800034 61.89400118 0 P 0
L 104.15997456 93.64002354 104.15997456 94.65602354 0 P 0
L 104.73200034 58.84600118 104.73200034 59.35400118 0 P 0
L 104.73200034 58.84600118 104.98600034 58.84600118 0 P 0
L 104.73200034 59.35400118 104.98600034 59.35400118 0 P 0
L 104.73200034 61.38600118 104.73200034 61.89400118 0 P 0
L 104.73200034 61.38600118 104.98600034 61.38600118 0 P 0
L 104.73200034 61.89400118 104.98600034 61.89400118 0 P 0
L 104.9400238 91.8439743 104.9400238 92.8599743 0 P 0
L 104.9400238 91.8439743 105.9560238 91.8439743 0 P 0
L 104.9400238 92.8599743 105.9560238 92.8599743 0 P 0
L 104.98600034 58.59200118 104.98600034 58.84600118 0 P 0
L 104.98600034 58.59200118 105.49400034 58.59200118 0 P 0
L 104.98600034 59.35400118 104.98600034 59.60800118 0 P 0
L 104.98600034 59.60800118 105.49400034 59.60800118 0 P 0
L 104.98600034 61.13200118 104.98600034 61.38600118 0 P 0
L 104.98600034 61.13200118 105.49400034 61.13200118 0 P 0
L 104.98600034 61.89400118 104.98600034 62.14800118 0 P 0
L 104.98600034 62.14800118 105.49400034 62.14800118 0 P 0
L 105.49400034 58.59200118 105.49400034 58.84600118 0 P 0
L 105.49400034 58.84600118 105.74800034 58.84600118 0 P 0
L 105.49400034 59.35400118 105.49400034 59.60800118 0 P 0
L 105.49400034 59.35400118 105.74800034 59.35400118 0 P 0
L 105.49400034 61.13200118 105.49400034 61.38600118 0 P 0
L 105.49400034 61.38600118 105.74800034 61.38600118 0 P 0
L 105.49400034 61.89400118 105.49400034 62.14800118 0 P 0
L 105.49400034 61.89400118 105.74800034 61.89400118 0 P 0
L 105.74800034 58.84600118 105.74800034 59.35400118 0 P 0
L 105.74800034 61.38600118 105.74800034 61.89400118 0 P 0
L 105.9560238 91.8439743 105.9560238 92.8599743 0 P 0
L 106.45199944 80.75699876 106.45199944 81.01099876 0 P 0
L 106.45199944 80.75699876 106.70599944 80.75699876 0 P 0
L 106.45199944 81.01099876 106.70599944 81.26499876 0 P 0
L 106.45199944 81.51899876 106.45199944 81.77299876 0 P 0
L 106.45199944 81.51899876 106.70599944 81.26499876 0 P 0
L 106.45199944 81.77299876 106.70599944 81.77299876 0 P 0
L 106.70599944 80.75699876 106.95999944 81.01099876 0 P 0
L 106.70599944 81.77299876 106.95999944 81.51899876 0 P 0
L 106.95999944 81.01099876 107.21399944 80.75699876 0 P 0
L 106.95999944 81.51899876 107.21399944 81.77299876 0 P 0
L 107.21399944 80.75699876 107.46799944 80.75699876 0 P 0
L 107.21399944 81.26499876 107.46799944 81.01099876 0 P 0
L 107.21399944 81.26499876 107.46799944 81.51899876 0 P 0
L 107.21399944 81.77299876 107.46799944 81.77299876 0 P 0
L 107.46799944 80.75699876 107.46799944 81.01099876 0 P 0
L 107.46799944 81.51899876 107.46799944 81.77299876 0 P 0
L 108.69200004 28.89199962 108.69200004 29.90799962 0 P 0
L 108.69200004 28.89199962 109.70800004 28.89199962 0 P 0
L 108.69200004 29.90799962 109.70800004 29.90799962 0 P 0
L 108.89199964 65.09200088 108.89199964 66.10800088 0 P 0
L 108.89199964 65.09200088 109.90799964 65.09200088 0 P 0
L 108.89199964 66.10800088 109.90799964 66.10800088 0 P 0
L 108.89520004 29.09519962 108.89520004 29.70479962 0 P 0
L 108.89520004 29.09519962 109.50480004 29.09519962 0 P 0
L 108.89520004 29.70479962 109.50480004 29.70479962 0 P 0
L 108.99199944 53.09199948 108.99199944 54.10799948 0 P 0
L 108.99199944 53.09199948 110.00799944 53.09199948 0 P 0
L 108.99199944 54.10799948 110.00799944 54.10799948 0 P 0
L 108.99199944 78.21699876 108.99199944 78.47099876 0 P 0
L 108.99199944 78.21699876 109.24599944 78.21699876 0 P 0
L 108.99199944 78.47099876 109.24599944 78.72499876 0 P 0
L 108.99199944 78.97899876 108.99199944 79.23299876 0 P 0
L 108.99199944 78.97899876 109.24599944 78.72499876 0 P 0
L 108.99199944 79.23299876 109.24599944 79.23299876 0 P 0
L 109.09519964 65.29520088 109.09519964 65.90480088 0 P 0
L 109.09519964 65.29520088 109.70479964 65.29520088 0 P 0
L 109.09519964 65.90480088 109.70479964 65.90480088 0 P 0
L 109.19519944 53.29519948 109.19519944 53.90479948 0 P 0
L 109.19519944 53.29519948 109.80479944 53.29519948 0 P 0
L 109.19519944 53.90479948 109.80479944 53.90479948 0 P 0
L 109.24599944 78.21699876 109.49999944 78.47099876 0 P 0
L 109.24599944 79.23299876 109.49999944 78.97899876 0 P 0
L 109.49999944 78.47099876 109.75399944 78.21699876 0 P 0
L 109.49999944 78.97899876 109.75399944 79.23299876 0 P 0
L 109.50480004 29.09519962 109.50480004 29.70479962 0 P 0
L 109.70479964 65.29520088 109.70479964 65.90480088 0 P 0
L 109.70800004 28.89199962 109.70800004 29.90799962 0 P 0
L 109.75399944 78.21699876 110.00799944 78.21699876 0 P 0
L 109.75399944 78.72499876 110.00799944 78.47099876 0 P 0
L 109.75399944 78.72499876 110.00799944 78.97899876 0 P 0
L 109.75399944 79.23299876 110.00799944 79.23299876 0 P 0
L 109.80479944 53.29519948 109.80479944 53.90479948 0 P 0
L 109.90799964 65.09200088 109.90799964 66.10800088 0 P 0
L 110.00799944 53.09199948 110.00799944 54.10799948 0 P 0
L 110.00799944 78.21699876 110.00799944 78.47099876 0 P 0
L 110.00799944 78.97899876 110.00799944 79.23299876 0 P 0
L 111.53199944 80.75699876 111.53199944 81.01099876 0 P 0
L 111.53199944 80.75699876 111.78599944 80.75699876 0 P 0
L 111.53199944 81.01099876 111.78599944 81.26499876 0 P 0
L 111.53199944 81.51899876 111.53199944 81.77299876 0 P 0
L 111.53199944 81.51899876 111.78599944 81.26499876 0 P 0
L 111.53199944 81.77299876 111.78599944 81.77299876 0 P 0
L 111.78599944 80.75699876 112.03999944 81.01099876 0 P 0
L 111.78599944 81.77299876 112.03999944 81.51899876 0 P 0
L 112.03999944 81.01099876 112.29399944 80.75699876 0 P 0
L 112.03999944 81.51899876 112.29399944 81.77299876 0 P 0
L 112.29399944 80.75699876 112.54799944 80.75699876 0 P 0
L 112.29399944 81.26499876 112.54799944 81.01099876 0 P 0
L 112.29399944 81.26499876 112.54799944 81.51899876 0 P 0
L 112.29399944 81.77299876 112.54799944 81.77299876 0 P 0
L 112.54799944 80.75699876 112.54799944 81.01099876 0 P 0
L 112.54799944 81.51899876 112.54799944 81.77299876 0 P 0
L 113.792 74.49199986 114.046 74.99999986 0 P 0
L 113.792 74.49199986 114.3 74.74599986 0 P 0
L 113.792 75.50799986 114.046 74.99999986 0 P 0
L 113.792 75.50799986 114.3 75.25399986 0 P 0
L 114.3 74.74599986 114.808 74.49199986 0 P 0
L 114.3 75.25399986 114.808 75.50799986 0 P 0
L 114.49200114 50.22200014 114.49200114 51.23800014 0 P 0
L 114.49200114 50.22200014 115.50800114 50.22200014 0 P 0
L 114.49200114 51.23800014 115.50800114 51.23800014 0 P 0
L 114.49200114 52.76200014 114.49200114 53.77800014 0 P 0
L 114.49200114 52.76200014 115.50800114 52.76200014 0 P 0
L 114.49200114 53.77800014 115.50800114 53.77800014 0 P 0
L 114.49200114 59.99999938 115.00000114 59.49199938 0 P 0
L 114.49200114 59.99999938 115.00000114 60.50799938 0 P 0
L 114.554 74.99999986 114.808 74.49199986 0 P 0
L 114.554 74.99999986 114.808 75.50799986 0 P 0
L 115.00000114 59.49199938 115.50800114 59.99999938 0 P 0
L 115.00000114 60.50799938 115.50800114 59.99999938 0 P 0
L 115.50800114 50.22200014 115.50800114 51.23800014 0 P 0
L 115.50800114 52.76200014 115.50800114 53.77800014 0 P 0
