#Layer_Color=6321
#
#Feature symbol names
#
$0 r5

#
#Feature attribute names
#

#
#Layer features
#
L 0.1181103 2.3622047 0.2755905 2.3622047 0 P 0
L 0.1968504 2.2834646 0.1968504 2.4409448 0 P 0
L 0.3681103 1.4740157 0.4192913 1.4740157 0 P 0
L 0.3681103 1.5748031 0.4192913 1.5748031 0 P 0
L 0.3681103 1.6755905 0.4192913 1.6755905 0 P 0
L 0.3937008 1.4484252 0.3937008 1.4996062 0 P 0
L 0.3937008 1.5492126 0.3937008 1.6003936 0 P 0
L 0.3937008 1.65 0.3937008 1.701181 0 P 0
L 0.5127953 1.9685039 0.5423229 1.9685039 0 P 0
L 0.5275591 1.9537401 0.5275591 1.9832677 0 P 0
L 0.5765512 3.023622 0.6045512 3.023622 0 P 0
L 0.5905512 3.009622 0.5905512 3.037622 0 P 0
L 0.6198583 2.1614173 0.6478583 2.1614173 0 P 0
L 0.6338583 2.1474173 0.6338583 2.1754173 0 P 0
L 0.7519686 0.8307087 0.9094488 0.8307087 0 P 0
L 0.7519686 3.8937008 0.9094488 3.8937008 0 P 0
L 0.7736285 1.5747997 0.8011875 1.5747997 0 P 0
L 0.7736285 1.6732253 0.8011875 1.6732253 0 P 0
L 0.787408 1.5610202 0.787408 1.5885792 0 P 0
L 0.787408 1.6594458 0.787408 1.6870048 0 P 0
L 0.8307087 0.7519686 0.8307087 0.9094488 0 P 0
L 0.8307087 3.8149607 0.8307087 3.9724409 0 P 0
L 0.9127953 1.9685039 0.9423229 1.9685039 0 P 0
L 0.9275591 1.9537401 0.9275591 1.9832677 0 P 0
L 1.0765512 3.5708661 1.1045512 3.5708661 0 P 0
L 1.0905512 3.5568661 1.0905512 3.5848661 0 P 0
L 1.1316693 2.984252 1.1596693 2.984252 0 P 0
L 1.1456693 2.970252 1.1456693 2.998252 0 P 0
L 1.1513543 2.0551181 1.1793543 2.0551181 0 P 0
L 1.1653543 2.0411181 1.1653543 2.0691181 0 P 0
L 1.478126 2.4527559 1.506126 2.4527559 0 P 0
L 1.492126 2.4387559 1.492126 2.4667559 0 P 0
L 1.5354331 2.815748 1.5748031 2.815748 0 P 0
L 1.5354331 2.915748 1.5748031 2.915748 0 P 0
L 1.5354331 3.015748 1.5748031 3.015748 0 P 0
L 1.5354331 3.115748 1.5748031 3.115748 0 P 0
L 1.5551181 2.796063 1.5551181 2.835433 0 P 0
L 1.5551181 2.896063 1.5551181 2.935433 0 P 0
L 1.5551181 2.996063 1.5551181 3.035433 0 P 0
L 1.5551181 3.096063 1.5551181 3.135433 0 P 0
L 1.6141733 0.3937008 1.7716535 0.3937008 0 P 0
L 1.6141733 3.9370079 1.7716535 3.9370079 0 P 0
L 1.6354331 2.815748 1.6748031 2.815748 0 P 0
L 1.6354331 2.915748 1.6748031 2.915748 0 P 0
L 1.6354331 3.015748 1.6748031 3.015748 0 P 0
L 1.6354331 3.115748 1.6748031 3.115748 0 P 0
L 1.6551181 2.796063 1.6551181 2.835433 0 P 0
L 1.6551181 2.896063 1.6551181 2.935433 0 P 0
L 1.6551181 2.996063 1.6551181 3.035433 0 P 0
L 1.6551181 3.096063 1.6551181 3.135433 0 P 0
L 1.6920636 1.2974634 1.7200636 1.2974634 0 P 0
L 1.6929134 0.3149607 1.6929134 0.4724409 0 P 0
L 1.6929134 3.8582678 1.6929134 4.015748 0 P 0
L 1.7060636 1.2834634 1.7060636 1.3114634 0 P 0
L 1.9905512 1.1929134 2.0338582 1.1929134 0 P 0
L 2.0122047 1.1712599 2.0122047 1.2145669 0 P 0
L 2.0214331 3.988189 2.0494331 3.988189 0 P 0
L 2.0354331 3.974189 2.0354331 4.002189 0 P 0
L 2.0425197 1.6433071 2.0818897 1.6433071 0 P 0
L 2.0425197 1.7433071 2.0818897 1.7433071 0 P 0
L 2.0425197 1.8433071 2.0818897 1.8433071 0 P 0
L 2.0425197 1.9433071 2.0818897 1.9433071 0 P 0
L 2.0425197 2.0433071 2.0818897 2.0433071 0 P 0
L 2.0425197 2.1433071 2.0818897 2.1433071 0 P 0
L 2.0425197 2.2433071 2.0818897 2.2433071 0 P 0
L 2.0425197 2.3433071 2.0818897 2.3433071 0 P 0
L 2.0425197 2.4433071 2.0818897 2.4433071 0 P 0
L 2.0425197 2.5433071 2.0818897 2.5433071 0 P 0
L 2.0425197 2.6433071 2.0818897 2.6433071 0 P 0
L 2.0425197 2.7433071 2.0818897 2.7433071 0 P 0
L 2.0425197 2.8433071 2.0818897 2.8433071 0 P 0
L 2.0425197 2.9433071 2.0818897 2.9433071 0 P 0
L 2.0425197 3.0433071 2.0818897 3.0433071 0 P 0
L 2.0425197 3.1433071 2.0818897 3.1433071 0 P 0
L 2.0425197 3.2433071 2.0818897 3.2433071 0 P 0
L 2.0425197 3.3433071 2.0818897 3.3433071 0 P 0
L 2.0425197 3.4433071 2.0818897 3.4433071 0 P 0
L 2.0425197 3.5433071 2.0818897 3.5433071 0 P 0
L 2.0622047 1.6236221 2.0622047 1.6629921 0 P 0
L 2.0622047 1.7236221 2.0622047 1.7629921 0 P 0
L 2.0622047 1.8236221 2.0622047 1.8629921 0 P 0
L 2.0622047 1.9236221 2.0622047 1.9629921 0 P 0
L 2.0622047 2.0236221 2.0622047 2.0629921 0 P 0
L 2.0622047 2.1236221 2.0622047 2.1629921 0 P 0
L 2.0622047 2.2236221 2.0622047 2.2629921 0 P 0
L 2.0622047 2.3236221 2.0622047 2.3629921 0 P 0
L 2.0622047 2.4236221 2.0622047 2.4629921 0 P 0
L 2.0622047 2.5236221 2.0622047 2.5629921 0 P 0
L 2.0622047 2.6236221 2.0622047 2.6629921 0 P 0
L 2.0622047 2.7236221 2.0622047 2.7629921 0 P 0
L 2.0622047 2.8236221 2.0622047 2.8629921 0 P 0
L 2.0622047 2.9236221 2.0622047 2.9629921 0 P 0
L 2.0622047 3.0236221 2.0622047 3.0629921 0 P 0
L 2.0622047 3.1236221 2.0622047 3.1629921 0 P 0
L 2.0622047 3.2236221 2.0622047 3.2629921 0 P 0
L 2.0622047 3.3236221 2.0622047 3.3629921 0 P 0
L 2.0622047 3.4236221 2.0622047 3.4629921 0 P 0
L 2.0622047 3.5236221 2.0622047 3.5629921 0 P 0
L 2.0905512 1.1929134 2.1338582 1.1929134 0 P 0
L 2.1122047 1.1712599 2.1122047 1.2145669 0 P 0
L 2.1710394 2.0590551 2.1990394 2.0590551 0 P 0
L 2.1850394 2.0450551 2.1850394 2.0730551 0 P 0
L 2.1905512 1.1929134 2.2338582 1.1929134 0 P 0
L 2.2122047 1.1712599 2.2122047 1.2145669 0 P 0
L 2.266967 2.8240648 2.294967 2.8240648 0 P 0
L 2.280967 2.8100648 2.280967 2.8380648 0 P 0
L 2.2834646 0.1968504 2.4409448 0.1968504 0 P 0
L 2.2834646 4.5275591 2.4409448 4.5275591 0 P 0
L 2.2905512 1.1929134 2.3338582 1.1929134 0 P 0
L 2.3122047 1.1712599 2.3122047 1.2145669 0 P 0
L 2.3622047 0.1181103 2.3622047 0.2755905 0 P 0
L 2.3622047 4.448819 2.3622047 4.6062992 0 P 0
L 2.3905512 1.1929134 2.4338582 1.1929134 0 P 0
L 2.4122047 1.1712599 2.4122047 1.2145669 0 P 0
L 2.4190709 1.8425197 2.4470709 1.8425197 0 P 0
L 2.4330709 1.8285197 2.4330709 1.8565197 0 P 0
L 2.4584409 0.7125984 2.4864409 0.7125984 0 P 0
L 2.4724409 0.6985984 2.4724409 0.7265984 0 P 0
L 2.474189 4.019685 2.502189 4.019685 0 P 0
L 2.488189 4.005685 2.488189 4.033685 0 P 0
L 2.4905512 1.1929134 2.5338582 1.1929134 0 P 0
L 2.5122047 1.1712599 2.5122047 1.2145669 0 P 0
L 2.5905512 1.1929134 2.6338582 1.1929134 0 P 0
L 2.6122047 1.1712599 2.6122047 1.2145669 0 P 0
L 2.6425197 1.6433071 2.6818897 1.6433071 0 P 0
L 2.6425197 1.7433071 2.6818897 1.7433071 0 P 0
L 2.6425197 1.8433071 2.6818897 1.8433071 0 P 0
L 2.6425197 1.9433071 2.6818897 1.9433071 0 P 0
L 2.6425197 2.0433071 2.6818897 2.0433071 0 P 0
L 2.6425197 2.1433071 2.6818897 2.1433071 0 P 0
L 2.6425197 2.2433071 2.6818897 2.2433071 0 P 0
L 2.6425197 2.3433071 2.6818897 2.3433071 0 P 0
L 2.6425197 2.4433071 2.6818897 2.4433071 0 P 0
L 2.6425197 2.5433071 2.6818897 2.5433071 0 P 0
L 2.6425197 2.6433071 2.6818897 2.6433071 0 P 0
L 2.6425197 2.7433071 2.6818897 2.7433071 0 P 0
L 2.6425197 2.8433071 2.6818897 2.8433071 0 P 0
L 2.6425197 2.9433071 2.6818897 2.9433071 0 P 0
L 2.6425197 3.0433071 2.6818897 3.0433071 0 P 0
L 2.6425197 3.1433071 2.6818897 3.1433071 0 P 0
L 2.6425197 3.2433071 2.6818897 3.2433071 0 P 0
L 2.6425197 3.3433071 2.6818897 3.3433071 0 P 0
L 2.6425197 3.4433071 2.6818897 3.4433071 0 P 0
L 2.6425197 3.5433071 2.6818897 3.5433071 0 P 0
L 2.6622047 1.6236221 2.6622047 1.6629921 0 P 0
L 2.6622047 1.7236221 2.6622047 1.7629921 0 P 0
L 2.6622047 1.8236221 2.6622047 1.8629921 0 P 0
L 2.6622047 1.9236221 2.6622047 1.9629921 0 P 0
L 2.6622047 2.0236221 2.6622047 2.0629921 0 P 0
L 2.6622047 2.1236221 2.6622047 2.1629921 0 P 0
L 2.6622047 2.2236221 2.6622047 2.2629921 0 P 0
L 2.6622047 2.3236221 2.6622047 2.3629921 0 P 0
L 2.6622047 2.4236221 2.6622047 2.4629921 0 P 0
L 2.6622047 2.5236221 2.6622047 2.5629921 0 P 0
L 2.6622047 2.6236221 2.6622047 2.6629921 0 P 0
L 2.6622047 2.7236221 2.6622047 2.7629921 0 P 0
L 2.6622047 2.8236221 2.6622047 2.8629921 0 P 0
L 2.6622047 2.9236221 2.6622047 2.9629921 0 P 0
L 2.6622047 3.0236221 2.6622047 3.0629921 0 P 0
L 2.6622047 3.1236221 2.6622047 3.1629921 0 P 0
L 2.6622047 3.2236221 2.6622047 3.2629921 0 P 0
L 2.6622047 3.3236221 2.6622047 3.3629921 0 P 0
L 2.6622047 3.4236221 2.6622047 3.4629921 0 P 0
L 2.6622047 3.5236221 2.6622047 3.5629921 0 P 0
L 2.6905512 1.1929134 2.7338582 1.1929134 0 P 0
L 2.7122047 1.1712599 2.7122047 1.2145669 0 P 0
L 2.952756 0.3937008 3.1102362 0.3937008 0 P 0
L 2.952756 3.9370079 3.1102362 3.9370079 0 P 0
L 3.0137795 2.984252 3.0413385 2.984252 0 P 0
L 3.0137795 3.0826776 3.0413385 3.0826776 0 P 0
L 3.0216536 2.3267717 3.0649606 2.3267717 0 P 0
L 3.0216536 2.4267717 3.0649606 2.4267717 0 P 0
L 3.027559 2.9704725 3.027559 2.9980315 0 P 0
L 3.027559 3.0688981 3.027559 3.0964571 0 P 0
L 3.0314961 0.3149607 3.0314961 0.4724409 0 P 0
L 3.0314961 3.8582678 3.0314961 4.015748 0 P 0
L 3.0332441 1.7795276 3.0612441 1.7795276 0 P 0
L 3.0433071 2.3051182 3.0433071 2.3484252 0 P 0
L 3.0433071 2.4051182 3.0433071 2.4484252 0 P 0
L 3.0472441 1.7655276 3.0472441 1.7935276 0 P 0
L 3.1216536 2.3267717 3.1649606 2.3267717 0 P 0
L 3.1216536 2.4267717 3.1649606 2.4267717 0 P 0
L 3.1433071 2.3051182 3.1433071 2.3484252 0 P 0
L 3.1433071 2.4051182 3.1433071 2.4484252 0 P 0
L 3.2064724 0.8976378 3.2344724 0.8976378 0 P 0
L 3.2204724 0.8836378 3.2204724 0.9116378 0 P 0
L 3.2216536 2.3267717 3.2649606 2.3267717 0 P 0
L 3.2216536 2.4267717 3.2649606 2.4267717 0 P 0
L 3.2319685 2.9826772 3.2719685 2.9826772 0 P 0
L 3.2319685 3.0826772 3.2719685 3.0826772 0 P 0
L 3.2319685 3.1826773 3.2719685 3.1826773 0 P 0
L 3.2433071 2.3051182 3.2433071 2.3484252 0 P 0
L 3.2433071 2.4051182 3.2433071 2.4484252 0 P 0
L 3.2519685 2.9626772 3.2519685 3.0026772 0 P 0
L 3.2519685 3.0626772 3.2519685 3.1026772 0 P 0
L 3.2519685 3.1626773 3.2519685 3.2026773 0 P 0
L 3.2576535 1.5 3.2856535 1.5 0 P 0
L 3.2716535 1.486 3.2716535 1.514 0 P 0
L 3.3216536 2.3267717 3.3649606 2.3267717 0 P 0
L 3.3216536 2.4267717 3.3649606 2.4267717 0 P 0
L 3.3433071 2.3051182 3.3433071 2.3484252 0 P 0
L 3.3433071 2.4051182 3.3433071 2.4484252 0 P 0
L 3.4216536 2.3267717 3.4649606 2.3267717 0 P 0
L 3.4216536 2.4267717 3.4649606 2.4267717 0 P 0
L 3.4232284 3.3874016 3.4744094 3.3874016 0 P 0
L 3.4232284 3.488189 3.4744094 3.488189 0 P 0
L 3.4232284 3.5889764 3.4744094 3.5889764 0 P 0
L 3.4433071 2.3051182 3.4433071 2.3484252 0 P 0
L 3.4433071 2.4051182 3.4433071 2.4484252 0 P 0
L 3.4488189 3.3618111 3.4488189 3.4129921 0 P 0
L 3.4488189 3.4625985 3.4488189 3.5137795 0 P 0
L 3.4488189 3.5633859 3.4488189 3.6145669 0 P 0
L 3.493874 3.980315 3.521874 3.980315 0 P 0
L 3.507874 3.966315 3.507874 3.994315 0 P 0
L 3.5216536 2.3267717 3.5649606 2.3267717 0 P 0
L 3.5216536 2.4267717 3.5649606 2.4267717 0 P 0
L 3.5253701 2.7086614 3.5533701 2.7086614 0 P 0
L 3.5393701 2.6946614 3.5393701 2.7226614 0 P 0
L 3.5433071 2.3051182 3.5433071 2.3484252 0 P 0
L 3.5433071 2.4051182 3.5433071 2.4484252 0 P 0
L 3.6080472 1.7204724 3.6360472 1.7204724 0 P 0
L 3.6216536 2.3267717 3.6649606 2.3267717 0 P 0
L 3.6216536 2.4267717 3.6649606 2.4267717 0 P 0
L 3.6220472 1.7064724 3.6220472 1.7344724 0 P 0
L 3.6277323 2.6535433 3.6557323 2.6535433 0 P 0
L 3.6417323 2.6395433 3.6417323 2.6675433 0 P 0
L 3.6433071 2.3051182 3.6433071 2.3484252 0 P 0
L 3.6433071 2.4051182 3.6433071 2.4484252 0 P 0
L 3.7216536 2.3267717 3.7649606 2.3267717 0 P 0
L 3.7216536 2.4267717 3.7649606 2.4267717 0 P 0
L 3.7261575 2.5905512 3.7541575 2.5905512 0 P 0
L 3.7401575 2.5765512 3.7401575 2.6045512 0 P 0
L 3.7433071 2.3051182 3.7433071 2.3484252 0 P 0
L 3.7433071 2.4051182 3.7433071 2.4484252 0 P 0
L 3.7615905 3.4094488 3.7895905 3.4094488 0 P 0
L 3.7755905 3.3954488 3.7755905 3.4234488 0 P 0
L 3.7781496 1.9685039 3.8076772 1.9685039 0 P 0
L 3.7929134 1.9537401 3.7929134 1.9832677 0 P 0
L 3.8149607 0.8307087 3.9724409 0.8307087 0 P 0
L 3.8149607 3.8937008 3.9724409 3.8937008 0 P 0
L 3.8216536 2.3267717 3.8649606 2.3267717 0 P 0
L 3.8216536 2.4267717 3.8649606 2.4267717 0 P 0
L 3.8319685 3.0826772 3.9879685 3.0826772 0 P 0
L 3.8433071 2.3051182 3.8433071 2.3484252 0 P 0
L 3.8433071 2.4051182 3.8433071 2.4484252 0 P 0
L 3.8937008 0.7519686 3.8937008 0.9094488 0 P 0
L 3.8937008 3.8149607 3.8937008 3.9724409 0 P 0
L 3.9099685 3.0046772 3.9099685 3.1606772 0 P 0
L 3.9216536 2.3267717 3.9649606 2.3267717 0 P 0
L 3.9216536 2.4267717 3.9649606 2.4267717 0 P 0
L 3.9232348 1.5747997 3.9507938 1.5747997 0 P 0
L 3.9232348 1.6732253 3.9507938 1.6732253 0 P 0
L 3.9370143 1.5610202 3.9370143 1.5885792 0 P 0
L 3.9370143 1.6594458 3.9370143 1.6870048 0 P 0
L 3.9433071 2.3051182 3.9433071 2.3484252 0 P 0
L 3.9433071 2.4051182 3.9433071 2.4484252 0 P 0
L 3.986 2.6181102 4.014 2.6181102 0 P 0
L 4 2.6041102 4 2.6321102 0 P 0
L 4.0216536 2.3267717 4.0649606 2.3267717 0 P 0
L 4.0216536 2.4267717 4.0649606 2.4267717 0 P 0
L 4.0433071 2.3051182 4.0433071 2.3484252 0 P 0
L 4.0433071 2.4051182 4.0433071 2.4484252 0 P 0
L 4.0804882 2.2401575 4.1084882 2.2401575 0 P 0
L 4.0944882 2.2261575 4.0944882 2.2541575 0 P 0
L 4.1161418 3.4889764 4.1673228 3.4889764 0 P 0
L 4.1161418 3.5897638 4.1673228 3.5897638 0 P 0
L 4.1216536 2.3267717 4.1649606 2.3267717 0 P 0
L 4.1216536 2.4267717 4.1649606 2.4267717 0 P 0
L 4.1417323 3.4633859 4.1417323 3.5145669 0 P 0
L 4.1417323 3.5641733 4.1417323 3.6153543 0 P 0
L 4.1433071 2.3051182 4.1433071 2.3484252 0 P 0
L 4.1433071 2.4051182 4.1433071 2.4484252 0 P 0
L 4.1781496 1.9685039 4.2076772 1.9685039 0 P 0
L 4.1929134 1.9537401 4.1929134 1.9832677 0 P 0
L 4.2419055 3.2204724 4.2699055 3.2204724 0 P 0
L 4.2559055 3.2064724 4.2559055 3.2344724 0 P 0
L 4.3051182 1.4740157 4.3562992 1.4740157 0 P 0
L 4.3051182 1.5748031 4.3562992 1.5748031 0 P 0
L 4.3051182 1.6755905 4.3562992 1.6755905 0 P 0
L 4.3307087 1.4484252 4.3307087 1.4996062 0 P 0
L 4.3307087 1.5492126 4.3307087 1.6003936 0 P 0
L 4.3307087 1.65 4.3307087 1.701181 0 P 0
L 4.3442677 2.9370079 4.3722677 2.9370079 0 P 0
L 4.3582677 2.9230079 4.3582677 2.9510079 0 P 0
L 4.4190709 1.992126 4.4470709 1.992126 0 P 0
L 4.4330709 1.978126 4.4330709 2.006126 0 P 0
L 4.448819 2.3622047 4.6062992 2.3622047 0 P 0
L 4.5275591 2.2834646 4.5275591 2.4409448 0 P 0
